1	0.251291	0
2	0.25112	0
3	0.250972	0
4	0.250844	0
5	0.250733	0
6	0.250636	0
7	0.250552	0
8	0.25048	0
9	0.250417	0
10	0.250363	0
11	0.250316	0
12	0.250275	0
13	0.250239	0
14	0.250209	0
15	0.250182	0
16	0.250159	0
17	0.250139	0
18	0.250122	0
19	0.250107	0
20	0.250093	0
21	0.250082	0
22	0.250072	0
23	0.250064	0
24	0.250056	0
25	0.25005	0
26	0.250044	0
27	0.250039	0
28	0.250035	0
29	0.250031	0
30	0.250028	0
31	0.250025	0
32	0.250023	0
33	0.25002	0
34	0.250019	0
35	0.250017	0
36	0.250015	0
37	0.250014	0
38	0.250013	0
39	0.250012	0
40	0.250011	0
41	0.25001	0
42	0.25001	0
43	0.250009	0
44	0.250008	0
45	0.250008	0
46	0.250008	0
47	0.250007	0
48	0.250007	0
49	0.250006	0
50	0.250006	0
51	0.250006	0
52	0.250006	0
53	0.250005	0
54	0.250005	0
55	0.250005	0
56	0.250005	0
57	0.250005	0
58	0.250004	0
59	0.250004	0
60	0.250004	0
61	0.250004	0
62	0.250004	0
63	0.250004	0
64	0.250003	0
65	0.250003	0
66	0.250003	0
67	0.250003	0
68	0.250003	0
69	0.250003	0
70	0.250003	0
71	0.250003	0
72	0.250002	0
73	0.250002	0
74	0.250002	0
75	0.250002	0
76	0.250002	0
77	0.250002	0
78	0.250002	0
79	0.250002	0
80	0.250002	0
81	0.250001	0
82	0.250001	0
83	0.250001	0
84	0.250001	0
85	0.250001	0
86	0.250001	0
87	0.250001	0
88	0.250001	0
89	0.250001	0
90	0.250001	0
91	0.25	0
92	0.25	0
93	0.25	0
94	0.25	0
95	0.25	0
96	0.25	0
97	0.25	0
98	0.25	0
99	0.25	0
100	0.249999	0
101	0.249999	0
102	0.249999	0
103	0.249999	0
104	0.249999	0
105	0.249999	0
106	0.249999	0
107	0.249999	0
108	0.249999	0
109	0.249998	0
110	0.249998	0
111	0.249998	0
112	0.249998	0
113	0.249998	0
114	0.249998	0
115	0.249998	0
116	0.249998	0
117	0.249998	0
118	0.249998	0
119	0.249997	0
120	0.249997	0
121	0.249997	0
122	0.249997	0
123	0.249997	0
124	0.249997	0
125	0.249997	0
126	0.249997	0
127	0.249997	0
128	0.249996	0
129	0.249996	0
130	0.249996	0
131	0.249996	0
132	0.249996	0
133	0.249996	0
134	0.249996	0
135	0.249996	0
136	0.249996	0
137	0.249996	0
138	0.249995	0
139	0.249995	0
140	0.249995	0
141	0.249995	0
142	0.249995	0
143	0.249995	0
144	0.249995	0
145	0.249995	0
146	0.249995	0
147	0.249994	0
148	0.249994	0
149	0.249994	0
150	0.249994	0
151	0.249994	0
152	0.249994	0
153	0.249994	0
154	0.249994	0
155	0.249994	0
156	0.249993	0
157	0.249993	0
158	0.249993	0
159	0.249993	0
160	0.249993	0
161	0.249993	0
162	0.249993	0
163	0.249993	0
164	0.249993	0
165	0.249992	0
166	0.249992	0
167	0.249992	0
168	0.249992	0
169	0.249992	0
170	0.249992	0
171	0.249992	0
172	0.249992	0
173	0.249992	0
174	0.249991	0
175	0.249991	0
176	0.249991	0
177	0.249991	0
178	0.249991	0
179	0.249991	0
180	0.249991	0
181	0.249991	0
182	0.249991	0
183	0.24999	0
184	0.24999	0
185	0.24999	0
186	0.24999	0
187	0.24999	0
188	0.24999	0
189	0.24999	0
190	0.24999	0
191	0.24999	0
192	0.249989	0
193	0.249989	0
194	0.249989	0
195	0.249989	0
196	0.249989	0
197	0.249989	0
198	0.249989	0
199	0.249989	0
200	0.249989	0
201	0.249988	0
202	0.249988	0
203	0.249988	0
204	0.249988	0
205	0.249988	0
206	0.249988	0
207	0.249988	0
208	0.249988	0
209	0.249987	0
210	0.249987	0
211	0.249987	0
212	0.249987	0
213	0.249987	0
214	0.249987	0
215	0.249987	0
216	0.249987	0
217	0.249987	0
218	0.249986	0
219	0.249986	0
220	0.249986	0
221	0.249986	0
222	0.249986	0
223	0.249986	0
224	0.249986	0
225	0.249986	0
226	0.249985	0
227	0.249985	0
228	0.249985	0
229	0.249985	0
230	0.249985	0
231	0.249985	0
232	0.249985	0
233	0.249985	0
234	0.249984	0
235	0.249984	0
236	0.249984	0
237	0.249984	0
238	0.249984	0
239	0.249984	0
240	0.249984	0
241	0.249984	0
242	0.249983	0
243	0.249983	0
244	0.249983	0
245	0.249983	0
246	0.249983	0
247	0.249983	0
248	0.249983	0
249	0.249983	0
250	0.249982	0
251	0.249982	0
252	0.249982	0
253	0.249982	0
254	0.249982	0
255	0.249982	0
256	0.249982	0
257	0.249982	0
258	0.249981	0
259	0.249981	0
260	0.249981	0
261	0.249981	0
262	0.249981	0
263	0.249981	0
264	0.249981	0
265	0.249981	0
266	0.24998	0
267	0.24998	0
268	0.24998	0
269	0.24998	0
270	0.24998	0
271	0.24998	0
272	0.24998	0
273	0.24998	0
274	0.249979	0
275	0.249979	0
276	0.249979	0
277	0.249979	0
278	0.249979	0
279	0.249979	0
280	0.249979	0
281	0.249978	0
282	0.249978	0
283	0.249978	0
284	0.249978	0
285	0.249978	0
286	0.249978	0
287	0.249978	0
288	0.249978	0
289	0.249977	0
290	0.249977	0
291	0.249977	0
292	0.249977	0
293	0.249977	0
294	0.249977	0
295	0.249977	0
296	0.249976	0
297	0.249976	0
298	0.249976	0
299	0.249976	0
300	0.249976	0
301	0.249976	0
302	0.249976	0
303	0.249975	0
304	0.249975	0
305	0.249975	0
306	0.249975	0
307	0.249975	0
308	0.249975	0
309	0.249975	0
310	0.249974	0
311	0.249974	0
312	0.249974	0
313	0.249974	0
314	0.249974	0
315	0.249974	0
316	0.249974	0
317	0.249973	0
318	0.249973	0
319	0.249973	0
320	0.249973	0
321	0.249973	0
322	0.249973	0
323	0.249973	0
324	0.249972	0
325	0.249972	0
326	0.249972	0
327	0.249972	0
328	0.249972	0
329	0.249972	0
330	0.249972	0
331	0.249971	0
332	0.249971	0
333	0.249971	0
334	0.249971	0
335	0.249971	0
336	0.249971	0
337	0.24997	0
338	0.24997	0
339	0.24997	0
340	0.24997	0
341	0.24997	0
342	0.24997	0
343	0.24997	0
344	0.249969	0
345	0.249969	0
346	0.249969	0
347	0.249969	0
348	0.249969	0
349	0.249969	0
350	0.249968	0
351	0.249968	0
352	0.249968	0
353	0.249968	0
354	0.249968	0
355	0.249968	0
356	0.249968	0
357	0.249967	0
358	0.249967	0
359	0.249967	0
360	0.249967	0
361	0.249967	0
362	0.249967	0
363	0.249966	0
364	0.249966	0
365	0.249966	0
366	0.249966	0
367	0.249966	0
368	0.249966	0
369	0.249965	0
370	0.249965	0
371	0.249965	0
372	0.249965	0
373	0.249965	0
374	0.249965	0
375	0.249964	0
376	0.249964	0
377	0.249964	0
378	0.249964	0
379	0.249964	0
380	0.249964	0
381	0.249963	0
382	0.249963	0
383	0.249963	0
384	0.249963	0
385	0.249963	0
386	0.249963	0
387	0.249962	0
388	0.249962	0
389	0.249962	0
390	0.249962	0
391	0.249962	0
392	0.249962	0
393	0.249961	0
394	0.249961	0
395	0.249961	0
396	0.249961	0
397	0.249961	0
398	0.24996	0
399	0.24996	0
400	0.24996	0
401	0.24996	0
402	0.24996	0
403	0.24996	0
404	0.249959	0
405	0.249959	0
406	0.249959	0
407	0.249959	0
408	0.249959	0
409	0.249959	0
410	0.249958	0
411	0.249958	0
412	0.249958	0
413	0.249958	0
414	0.249958	0
415	0.249957	0
416	0.249957	0
417	0.249957	0
418	0.249957	0
419	0.249957	0
420	0.249956	0
421	0.249956	0
422	0.249956	0
423	0.249956	0
424	0.249956	0
425	0.249956	0
426	0.249955	0
427	0.249955	0
428	0.249955	0
429	0.249955	0
430	0.249955	0
431	0.249954	0
432	0.249954	0
433	0.249954	0
434	0.249954	0
435	0.249954	0
436	0.249953	0
437	0.249953	0
438	0.249953	0
439	0.249953	0
440	0.249953	0
441	0.249952	0
442	0.249952	0
443	0.249952	0
444	0.249952	0
445	0.249952	0
446	0.249951	0
447	0.249951	0
448	0.249951	0
449	0.249951	0
450	0.249951	0
451	0.24995	0
452	0.24995	0
453	0.24995	0
454	0.24995	0
455	0.24995	0
456	0.249949	0
457	0.249949	0
458	0.249949	0
459	0.249949	0
460	0.249949	0
461	0.249948	0
462	0.249948	0
463	0.249948	0
464	0.249948	0
465	0.249947	0
466	0.249947	0
467	0.249947	0
468	0.249947	0
469	0.249947	0
470	0.249946	0
471	0.249946	0
472	0.249946	0
473	0.249946	0
474	0.249946	0
475	0.249945	0
476	0.249945	0
477	0.249945	0
478	0.249945	0
479	0.249944	0
480	0.249944	0
481	0.249944	0
482	0.249944	0
483	0.249944	0
484	0.249943	0
485	0.249943	0
486	0.249943	0
487	0.249943	0
488	0.249942	0
489	0.249942	0
490	0.249942	0
491	0.249942	0
492	0.249941	0
493	0.249941	0
494	0.249941	0
495	0.249941	0
496	0.249941	0
497	0.24994	0
498	0.24994	0
499	0.24994	0
500	0.24994	0
501	0.249939	0
502	0.249939	0
503	0.249939	0
504	0.249939	0
505	0.249938	0
506	0.249938	0
507	0.249938	0
508	0.249938	0
509	0.249937	0
510	0.249937	0
511	0.249937	0
512	0.249937	0
513	0.249936	0
514	0.249936	0
515	0.249936	0
516	0.249936	0
517	0.249935	0
518	0.249935	0
519	0.249935	0
520	0.249935	0
521	0.249934	0
522	0.249934	0
523	0.249934	0
524	0.249934	0
525	0.249933	0
526	0.249933	0
527	0.249933	0
528	0.249933	0
529	0.249932	0
530	0.249932	0
531	0.249932	0
532	0.249932	0
533	0.249931	0
534	0.249931	0
535	0.249931	0
536	0.249931	0
537	0.24993	0
538	0.24993	0
539	0.24993	0
540	0.24993	0
541	0.249929	0
542	0.249929	0
543	0.249929	0
544	0.249928	0
545	0.249928	0
546	0.249928	0
547	0.249928	0
548	0.249927	0
549	0.249927	0
550	0.249927	0
551	0.249927	0
552	0.249926	0
553	0.249926	0
554	0.249926	0
555	0.249925	0
556	0.249925	0
557	0.249925	0
558	0.249925	0
559	0.249924	0
560	0.249924	0
561	0.249924	0
562	0.249923	0
563	0.249923	0
564	0.249923	0
565	0.249923	0
566	0.249922	0
567	0.249922	0
568	0.249922	0
569	0.249921	0
570	0.249921	0
571	0.249921	0
572	0.24992	0
573	0.24992	0
574	0.24992	0
575	0.24992	0
576	0.249919	0
577	0.249919	0
578	0.249919	0
579	0.249918	0
580	0.249918	0
581	0.249918	0
582	0.249917	0
583	0.249917	0
584	0.249917	0
585	0.249917	0
586	0.249916	0
587	0.249916	0
588	0.249916	0
589	0.249915	0
590	0.249915	0
591	0.249915	0
592	0.249914	0
593	0.249914	0
594	0.249914	0
595	0.249913	0
596	0.249913	0
597	0.249913	0
598	0.249912	0
599	0.249912	0
600	0.249912	0
601	0.249911	0
602	0.249911	0
603	0.249911	0
604	0.24991	0
605	0.24991	0
606	0.24991	0
607	0.249909	0
608	0.249909	0
609	0.249909	0
610	0.249908	0
611	0.249908	0
612	0.249908	0
613	0.249907	0
614	0.249907	0
615	0.249907	0
616	0.249906	0
617	0.249906	0
618	0.249906	0
619	0.249905	0
620	0.249905	0
621	0.249905	0
622	0.249904	0
623	0.249904	0
624	0.249904	0
625	0.249903	0
626	0.249903	0
627	0.249903	0
628	0.249902	0
629	0.249902	0
630	0.249902	0
631	0.249901	0
632	0.249901	0
633	0.2499	0
634	0.2499	0
635	0.2499	0
636	0.249899	0
637	0.249899	0
638	0.249899	0
639	0.249898	0
640	0.249898	0
641	0.249898	0
642	0.249897	0
643	0.249897	0
644	0.249896	0
645	0.249896	0
646	0.249896	0
647	0.249895	0
648	0.249895	0
649	0.249895	0
650	0.249894	0
651	0.249894	0
652	0.249893	0
653	0.249893	0
654	0.249893	0
655	0.249892	0
656	0.249892	0
657	0.249891	0
658	0.249891	0
659	0.249891	0
660	0.24989	0
661	0.24989	0
662	0.249889	0
663	0.249889	0
664	0.249889	0
665	0.249888	0
666	0.249888	0
667	0.249887	0
668	0.249887	0
669	0.249887	0
670	0.249886	0
671	0.249886	0
672	0.249885	0
673	0.249885	0
674	0.249885	0
675	0.249884	0
676	0.249884	0
677	0.249883	0
678	0.249883	0
679	0.249882	0
680	0.249882	0
681	0.249882	0
682	0.249881	0
683	0.249881	0
684	0.24988	0
685	0.24988	0
686	0.249879	0
687	0.249879	0
688	0.249879	0
689	0.249878	0
690	0.249878	0
691	0.249877	0
692	0.249877	0
693	0.249876	0
694	0.249876	0
695	0.249876	0
696	0.249875	0
697	0.249875	0
698	0.249874	0
699	0.249874	0
700	0.249873	0
701	0.249873	0
702	0.249872	0
703	0.249872	0
704	0.249871	0
705	0.249871	0
706	0.249871	0
707	0.24987	0
708	0.24987	0
709	0.249869	0
710	0.249869	0
711	0.249868	0
712	0.249868	0
713	0.249867	0
714	0.249867	0
715	0.249866	0
716	0.249866	0
717	0.249865	0
718	0.249865	0
719	0.249864	0
720	0.249864	0
721	0.249863	0
722	0.249863	0
723	0.249862	0
724	0.249862	0
725	0.249861	0
726	0.249861	0
727	0.24986	0
728	0.24986	0
729	0.249859	0
730	0.249859	0
731	0.249858	0
732	0.249858	0
733	0.249857	0
734	0.249857	0
735	0.249856	0
736	0.249856	0
737	0.249855	0
738	0.249855	0
739	0.249854	0
740	0.249854	0
741	0.249853	0
742	0.249853	0
743	0.249852	0
744	0.249852	0
745	0.249851	0
746	0.249851	0
747	0.24985	0
748	0.24985	0
749	0.249849	0
750	0.249849	0
751	0.249848	0
752	0.249847	0
753	0.249847	0
754	0.249846	0
755	0.249846	0
756	0.249845	0
757	0.249845	0
758	0.249844	0
759	0.249844	0
760	0.249843	0
761	0.249843	0
762	0.249842	0
763	0.249841	0
764	0.249841	0
765	0.24984	0
766	0.24984	0
767	0.249839	0
768	0.249839	0
769	0.249838	0
770	0.249837	0
771	0.249837	0
772	0.249836	0
773	0.249836	0
774	0.249835	0
775	0.249834	0
776	0.249834	0
777	0.249833	0
778	0.249833	0
779	0.249832	0
780	0.249832	0
781	0.249831	0
782	0.24983	0
783	0.24983	0
784	0.249829	0
785	0.249829	0
786	0.249828	0
787	0.249827	0
788	0.249827	0
789	0.249826	0
790	0.249825	0
791	0.249825	0
792	0.249824	0
793	0.249824	0
794	0.249823	0
795	0.249822	0
796	0.249822	0
797	0.249821	0
798	0.24982	0
799	0.24982	0
800	0.249819	0
801	0.249818	0
802	0.249818	0
803	0.249817	0
804	0.249817	0
805	0.249816	0
806	0.249815	0
807	0.249815	0
808	0.249814	0
809	0.249813	0
810	0.249813	0
811	0.249812	0
812	0.249811	0
813	0.249811	0
814	0.24981	0
815	0.249809	0
816	0.249809	0
817	0.249808	0
818	0.249807	0
819	0.249807	0
820	0.249806	0
821	0.249805	0
822	0.249804	0
823	0.249804	0
824	0.249803	0
825	0.249802	0
826	0.249802	0
827	0.249801	0
828	0.2498	0
829	0.2498	0
830	0.249799	0
831	0.249798	0
832	0.249797	0
833	0.249797	0
834	0.249796	0
835	0.249795	0
836	0.249794	0
837	0.249794	0
838	0.249793	0
839	0.249792	0
840	0.249792	0
841	0.249791	0
842	0.24979	0
843	0.249789	0
844	0.249789	0
845	0.249788	0
846	0.249787	0
847	0.249786	0
848	0.249786	0
849	0.249785	0
850	0.249784	0
851	0.249783	0
852	0.249782	0
853	0.249782	0
854	0.249781	0
855	0.24978	0
856	0.249779	0
857	0.249779	0
858	0.249778	0
859	0.249777	0
860	0.249776	0
861	0.249775	0
862	0.249775	0
863	0.249774	0
864	0.249773	0
865	0.249772	0
866	0.249771	0
867	0.249771	0
868	0.24977	0
869	0.249769	0
870	0.249768	0
871	0.249767	0
872	0.249766	0
873	0.249766	0
874	0.249765	0
875	0.249764	0
876	0.249763	0
877	0.249762	0
878	0.249761	0
879	0.249761	0
880	0.24976	0
881	0.249759	0
882	0.249758	0
883	0.249757	0
884	0.249756	0
885	0.249755	0
886	0.249754	0
887	0.249754	0
888	0.249753	0
889	0.249752	0
890	0.249751	0
891	0.24975	0
892	0.249749	0
893	0.249748	0
894	0.249747	0
895	0.249746	0
896	0.249746	0
897	0.249745	0
898	0.249744	0
899	0.249743	0
900	0.249742	0
901	0.249741	0
902	0.24974	0
903	0.249739	0
904	0.249738	0
905	0.249737	0
906	0.249736	0
907	0.249735	0
908	0.249734	0
909	0.249733	0
910	0.249733	0
911	0.249732	0
912	0.249731	0
913	0.24973	0
914	0.249729	0
915	0.249728	0
916	0.249727	0
917	0.249726	0
918	0.249725	0
919	0.249724	0
920	0.249723	0
921	0.249722	0
922	0.249721	0
923	0.24972	0
924	0.249719	0
925	0.249718	0
926	0.249717	0
927	0.249716	0
928	0.249715	0
929	0.249714	0
930	0.249713	0
931	0.249712	0
932	0.249711	0
933	0.24971	0
934	0.249709	0
935	0.249708	0
936	0.249706	0
937	0.249705	0
938	0.249704	0
939	0.249703	0
940	0.249702	0
941	0.249701	0
942	0.2497	0
943	0.249699	0
944	0.249698	0
945	0.249697	0
946	0.249696	0
947	0.249695	0
948	0.249694	0
949	0.249692	0
950	0.249691	0
951	0.24969	0
952	0.249689	0
953	0.249688	0
954	0.249687	0
955	0.249686	0
956	0.249685	0
957	0.249684	0
958	0.249682	0
959	0.249681	0
960	0.24968	0
961	0.249679	0
962	0.249678	0
963	0.249677	0
964	0.249675	0
965	0.249674	0
966	0.249673	0
967	0.249672	0
968	0.249671	0
969	0.24967	0
970	0.249668	0
971	0.249667	0
972	0.249666	0
973	0.249665	0
974	0.249664	0
975	0.249662	0
976	0.249661	0
977	0.24966	0
978	0.249659	0
979	0.249657	0
980	0.249656	0
981	0.249655	0
982	0.249654	0
983	0.249652	0
984	0.249651	0
985	0.24965	0
986	0.249649	0
987	0.249647	0
988	0.249646	0
989	0.249645	0
990	0.249644	0
991	0.249642	0
992	0.249641	0
993	0.24964	0
994	0.249638	0
995	0.249637	0
996	0.249636	0
997	0.249634	0
998	0.249633	0
999	0.249632	0
1000	0.24963	0
