1	0.273214	0
2	0.269133	0
3	0.265553	0
4	0.262442	0
5	0.259761	0
6	0.257466	0
7	0.255513	0
8	0.253858	0
9	0.252463	0
10	0.251288	0
11	0.250302	0
12	0.249474	0
13	0.248779	0
14	0.248196	0
15	0.247705	0
16	0.247291	0
17	0.246941	0
18	0.246643	0
19	0.246388	0
20	0.246168	0
21	0.245978	0
22	0.245812	0
23	0.245665	0
24	0.245535	0
25	0.245417	0
26	0.24531	0
27	0.245212	0
28	0.245121	0
29	0.245035	0
30	0.244955	0
31	0.244878	0
32	0.244804	0
33	0.244732	0
34	0.244662	0
35	0.244594	0
36	0.244527	0
37	0.244461	0
38	0.244396	0
39	0.244331	0
40	0.244266	0
41	0.244202	0
42	0.244138	0
43	0.244074	0
44	0.24401	0
45	0.243946	0
46	0.243882	0
47	0.243817	0
48	0.243753	0
49	0.243688	0
50	0.243623	0
51	0.243558	0
52	0.243493	0
53	0.243427	0
54	0.243361	0
55	0.243295	0
56	0.243228	0
57	0.243161	0
58	0.243094	0
59	0.243026	0
60	0.242959	0
61	0.24289	0
62	0.242822	0
63	0.242753	0
64	0.242683	0
65	0.242614	0
66	0.242543	0
67	0.242473	0
68	0.242402	0
69	0.242331	0
70	0.242259	0
71	0.242187	0
72	0.242115	0
73	0.242042	0
74	0.241968	0
75	0.241895	0
76	0.24182	0
77	0.241746	0
78	0.241671	0
79	0.241595	0
80	0.241519	0
81	0.241443	0
82	0.241366	0
83	0.241289	0
84	0.241211	0
85	0.241133	0
86	0.241054	0
87	0.240975	0
88	0.240895	0
89	0.240815	0
90	0.240734	0
91	0.240653	0
92	0.240572	0
93	0.240489	0
94	0.240407	0
95	0.240323	0
96	0.24024	0
97	0.240155	0
98	0.240071	0
99	0.239985	0
100	0.239899	0
101	0.239813	0
102	0.239726	0
103	0.239638	0
104	0.23955	0
105	0.239462	0
106	0.239372	0
107	0.239282	0
108	0.239192	0
109	0.239101	0
110	0.239009	0
111	0.238917	0
112	0.238824	0
113	0.238731	0
114	0.238637	0
115	0.238542	0
116	0.238447	0
117	0.238351	0
118	0.238255	0
119	0.238157	0
120	0.23806	0
121	0.237961	0
122	0.237862	0
123	0.237762	0
124	0.237662	0
125	0.237561	0
126	0.237459	0
127	0.237357	0
128	0.237254	0
129	0.23715	0
130	0.237046	0
131	0.236941	0
132	0.236835	0
133	0.236728	0
134	0.236621	0
135	0.236513	0
136	0.236405	0
137	0.236296	0
138	0.236186	0
139	0.236075	0
140	0.235964	0
141	0.235851	0
142	0.235739	0
143	0.235625	0
144	0.235511	0
145	0.235396	0
146	0.23528	0
147	0.235163	0
148	0.235046	0
149	0.234928	0
150	0.234809	0
151	0.234689	0
152	0.234569	0
153	0.234448	0
154	0.234326	0
155	0.234204	0
156	0.23408	0
157	0.233956	0
158	0.233831	0
159	0.233705	0
160	0.233579	0
161	0.233452	0
162	0.233324	0
163	0.233195	0
164	0.233065	0
165	0.232935	0
166	0.232803	0
167	0.232671	0
168	0.232538	0
169	0.232405	0
170	0.23227	0
171	0.232135	0
172	0.231999	0
173	0.231862	0
174	0.231724	0
175	0.231586	0
176	0.231446	0
177	0.231306	0
178	0.231165	0
179	0.231024	0
180	0.230881	0
181	0.230737	0
182	0.230593	0
183	0.230448	0
184	0.230302	0
185	0.230156	0
186	0.230008	0
187	0.22986	0
188	0.22971	0
189	0.22956	0
190	0.22941	0
191	0.229258	0
192	0.229105	0
193	0.228952	0
194	0.228798	0
195	0.228643	0
196	0.228487	0
197	0.22833	0
198	0.228173	0
199	0.228015	0
200	0.227856	0
201	0.227696	0
202	0.227535	0
203	0.227373	0
204	0.227211	0
205	0.227048	0
206	0.226884	0
207	0.226719	0
208	0.226554	0
209	0.226387	0
210	0.22622	0
211	0.226052	0
212	0.225883	0
213	0.225713	0
214	0.225543	0
215	0.225372	0
216	0.2252	0
217	0.225027	0
218	0.224853	0
219	0.224679	0
220	0.224504	0
221	0.224328	0
222	0.224151	0
223	0.223974	0
224	0.223795	0
225	0.223616	0
226	0.223437	0
227	0.223256	0
228	0.223075	0
229	0.222893	0
230	0.22271	0
231	0.222526	0
232	0.222342	0
233	0.222157	0
234	0.221972	0
235	0.221785	0
236	0.221598	0
237	0.22141	0
238	0.221222	0
239	0.221032	0
240	0.220842	0
241	0.220652	0
242	0.220461	0
243	0.220269	0
244	0.220076	0
245	0.219883	0
246	0.219689	0
247	0.219494	0
248	0.219299	0
249	0.219103	0
250	0.218906	0
251	0.218709	0
252	0.218511	0
253	0.218313	0
254	0.218114	0
255	0.217914	0
256	0.217714	0
257	0.217513	0
258	0.217311	0
259	0.217109	0
260	0.216907	0
261	0.216704	0
262	0.2165	0
263	0.216296	0
264	0.216091	0
265	0.215886	0
266	0.21568	0
267	0.215473	0
268	0.215267	0
269	0.215059	0
270	0.214851	0
271	0.214643	0
272	0.214434	0
273	0.214225	0
274	0.214015	0
275	0.213805	0
276	0.213594	0
277	0.213383	0
278	0.213172	0
279	0.21296	0
280	0.212748	0
281	0.212535	0
282	0.212322	0
283	0.212108	0
284	0.211894	0
285	0.21168	0
286	0.211465	0
287	0.21125	0
288	0.211035	0
289	0.210819	0
290	0.210603	0
291	0.210387	0
292	0.21017	0
293	0.209954	0
294	0.209736	0
295	0.209519	0
296	0.209301	0
297	0.209083	0
298	0.208865	0
299	0.208646	0
300	0.208428	0
301	0.208209	0
302	0.207989	0
303	0.20777	0
304	0.20755	0
305	0.20733	0
306	0.20711	0
307	0.20689	0
308	0.20667	0
309	0.206449	0
310	0.206229	0
311	0.206008	0
312	0.205787	0
313	0.205566	0
314	0.205345	0
315	0.205123	0
316	0.204902	0
317	0.204681	0
318	0.204459	0
319	0.204237	0
320	0.204016	0
321	0.203794	0
322	0.203572	0
323	0.20335	0
324	0.203129	0
325	0.202907	0
326	0.202685	0
327	0.202463	0
328	0.202241	0
329	0.202019	0
330	0.201797	0
331	0.201575	0
332	0.201354	0
333	0.201132	0
334	0.20091	0
335	0.200688	0
336	0.200467	0
337	0.200245	0
338	0.200024	0
339	0.199803	0
340	0.199581	0
341	0.19936	0
342	0.199139	0
343	0.198918	0
344	0.198697	0
345	0.198477	0
346	0.198256	0
347	0.198036	0
348	0.197816	0
349	0.197596	0
350	0.197376	0
351	0.197156	0
352	0.196936	0
353	0.196717	0
354	0.196498	0
355	0.196279	0
356	0.19606	0
357	0.195842	0
358	0.195623	0
359	0.195405	0
360	0.195187	0
361	0.19497	0
362	0.194752	0
363	0.194535	0
364	0.194318	0
365	0.194101	0
366	0.193885	0
367	0.193669	0
368	0.193453	0
369	0.193237	0
370	0.193022	0
371	0.192807	0
372	0.192592	0
373	0.192378	0
374	0.192164	0
375	0.19195	0
376	0.191737	0
377	0.191524	0
378	0.191311	0
379	0.191098	0
380	0.190886	0
381	0.190674	0
382	0.190463	0
383	0.190251	0
384	0.190041	0
385	0.18983	0
386	0.18962	0
387	0.18941	0
388	0.189201	0
389	0.188992	0
390	0.188783	0
391	0.188575	0
392	0.188367	0
393	0.188159	0
394	0.187952	0
395	0.187746	0
396	0.187539	0
397	0.187333	0
398	0.187127	0
399	0.186922	0
400	0.186717	0
401	0.186513	0
402	0.186309	0
403	0.186105	0
404	0.185902	0
405	0.185699	0
406	0.185497	0
407	0.185295	0
408	0.185093	0
409	0.184892	0
410	0.184691	0
411	0.184491	0
412	0.184291	0
413	0.184091	0
414	0.183892	0
415	0.183694	0
416	0.183495	0
417	0.183298	0
418	0.1831	0
419	0.182903	0
420	0.182707	0
421	0.18251	0
422	0.182315	0
423	0.182119	0
424	0.181925	0
425	0.18173	0
426	0.181536	0
427	0.181343	0
428	0.181149	0
429	0.180957	0
430	0.180764	0
431	0.180572	0
432	0.180381	0
433	0.18019	0
434	0.179999	0
435	0.179809	0
436	0.179619	0
437	0.17943	0
438	0.179241	0
439	0.179052	0
440	0.178864	0
441	0.178677	0
442	0.178489	0
443	0.178303	0
444	0.178116	0
445	0.17793	0
446	0.177745	0
447	0.177559	0
448	0.177375	0
449	0.17719	0
450	0.177006	0
451	0.176823	0
452	0.176639	0
453	0.176457	0
454	0.176274	0
455	0.176092	0
456	0.17591	0
457	0.175729	0
458	0.175548	0
459	0.175368	0
460	0.175188	0
461	0.175008	0
462	0.174829	0
463	0.17465	0
464	0.174471	0
465	0.174293	0
466	0.174115	0
467	0.173937	0
468	0.17376	0
469	0.173583	0
470	0.173407	0
471	0.173231	0
472	0.173055	0
473	0.17288	0
474	0.172704	0
475	0.17253	0
476	0.172355	0
477	0.172181	0
478	0.172007	0
479	0.171834	0
480	0.17166	0
481	0.171487	0
482	0.171315	0
483	0.171142	0
484	0.17097	0
485	0.170799	0
486	0.170627	0
487	0.170456	0
488	0.170285	0
489	0.170114	0
490	0.169944	0
491	0.169773	0
492	0.169603	0
493	0.169434	0
494	0.169264	0
495	0.169095	0
496	0.168926	0
497	0.168757	0
498	0.168588	0
499	0.16842	0
500	0.168252	0
501	0.168084	0
502	0.167916	0
503	0.167748	0
504	0.167581	0
505	0.167413	0
506	0.167246	0
507	0.167079	0
508	0.166912	0
509	0.166745	0
510	0.166579	0
511	0.166412	0
512	0.166246	0
513	0.166079	0
514	0.165913	0
515	0.165747	0
516	0.165581	0
517	0.165415	0
518	0.165249	0
519	0.165083	0
520	0.164917	0
521	0.164752	0
522	0.164586	0
523	0.16442	0
524	0.164254	0
525	0.164088	0
526	0.163923	0
527	0.163757	0
528	0.163591	0
529	0.163425	0
530	0.163259	0
531	0.163093	0
532	0.162927	0
533	0.162761	0
534	0.162595	0
535	0.162429	0
536	0.162262	0
537	0.162096	0
538	0.161929	0
539	0.161762	0
540	0.161595	0
541	0.161428	0
542	0.16126	0
543	0.161093	0
544	0.160925	0
545	0.160757	0
546	0.160589	0
547	0.160421	0
548	0.160252	0
549	0.160083	0
550	0.159914	0
551	0.159744	0
552	0.159574	0
553	0.159404	0
554	0.159233	0
555	0.159063	0
556	0.158891	0
557	0.15872	0
558	0.158548	0
559	0.158375	0
560	0.158202	0
561	0.158029	0
562	0.157855	0
563	0.157681	0
564	0.157507	0
565	0.157331	0
566	0.157156	0
567	0.156979	0
568	0.156803	0
569	0.156625	0
570	0.156448	0
571	0.156269	0
572	0.15609	0
573	0.15591	0
574	0.15573	0
575	0.155549	0
576	0.155367	0
577	0.155185	0
578	0.155002	0
579	0.154818	0
580	0.154633	0
581	0.154448	0
582	0.154262	0
583	0.154075	0
584	0.153887	0
585	0.153698	0
586	0.153509	0
587	0.153318	0
588	0.153127	0
589	0.152935	0
590	0.152742	0
591	0.152548	0
592	0.152353	0
593	0.152157	0
594	0.15196	0
595	0.151762	0
596	0.151563	0
597	0.151363	0
598	0.151161	0
599	0.150959	0
600	0.150756	0
601	0.150551	0
602	0.150345	0
603	0.150138	0
604	0.14993	0
605	0.149721	0
606	0.14951	0
607	0.149298	0
608	0.149085	0
609	0.148871	0
610	0.148655	0
611	0.148438	0
612	0.14822	0
613	0.148	0
614	0.147779	0
615	0.147556	0
616	0.147332	0
617	0.147107	0
618	0.14688	0
619	0.146651	0
620	0.146422	0
621	0.14619	0
622	0.145957	0
623	0.145723	0
624	0.145487	0
625	0.145249	0
626	0.14501	0
627	0.14477	0
628	0.144527	0
629	0.144283	0
630	0.144038	0
631	0.143791	0
632	0.143542	0
633	0.143291	0
634	0.143039	0
635	0.142785	0
636	0.14253	0
637	0.142272	0
638	0.142013	0
639	0.141753	0
640	0.14149	0
641	0.141226	0
642	0.14096	0
643	0.140692	0
644	0.140423	0
645	0.140152	0
646	0.139879	0
647	0.139604	0
648	0.139328	0
649	0.139049	0
650	0.138769	0
651	0.138488	0
652	0.138204	0
653	0.137919	0
654	0.137632	0
655	0.137343	0
656	0.137053	0
657	0.13676	0
658	0.136467	0
659	0.136171	0
660	0.135873	0
661	0.135574	0
662	0.135274	0
663	0.134971	0
664	0.134667	0
665	0.134361	0
666	0.134054	0
667	0.133745	0
668	0.133434	0
669	0.133122	0
670	0.132808	0
671	0.132493	0
672	0.132176	0
673	0.131858	0
674	0.131538	0
675	0.131216	0
676	0.130894	0
677	0.130569	0
678	0.130244	0
679	0.129917	0
680	0.129588	0
681	0.129258	0
682	0.128927	0
683	0.128595	0
684	0.128261	0
685	0.127926	0
686	0.12759	0
687	0.127253	0
688	0.126915	0
689	0.126575	0
690	0.126234	0
691	0.125893	0
692	0.12555	0
693	0.125206	0
694	0.124861	0
695	0.124516	0
696	0.124169	0
697	0.123822	0
698	0.123473	0
699	0.123124	0
700	0.122774	0
701	0.122424	0
702	0.122072	0
703	0.12172	0
704	0.121367	0
705	0.121014	0
706	0.12066	0
707	0.120305	0
708	0.11995	0
709	0.119595	0
710	0.119238	0
711	0.118882	0
712	0.118525	0
713	0.118168	0
714	0.11781	0
715	0.117452	0
716	0.117093	0
717	0.116735	0
718	0.116376	0
719	0.116017	0
720	0.115657	0
721	0.115298	0
722	0.114938	0
723	0.114579	0
724	0.114219	0
725	0.113859	0
726	0.113499	0
727	0.113139	0
728	0.112779	0
729	0.11242	0
730	0.11206	0
731	0.1117	0
732	0.111341	0
733	0.110981	0
734	0.110622	0
735	0.110263	0
736	0.109904	0
737	0.109546	0
738	0.109187	0
739	0.108829	0
740	0.108471	0
741	0.108114	0
742	0.107757	0
743	0.1074	0
744	0.107043	0
745	0.106687	0
746	0.106332	0
747	0.105976	0
748	0.105622	0
749	0.105267	0
750	0.104913	0
751	0.10456	0
752	0.104207	0
753	0.103854	0
754	0.103502	0
755	0.103151	0
756	0.1028	0
757	0.102449	0
758	0.1021	0
759	0.10175	0
760	0.101402	0
761	0.101054	0
762	0.100706	0
763	0.10036	0
764	0.100013	0
765	0.099668	0
766	0.0993231	0
767	0.0989789	0
768	0.0986354	0
769	0.0982925	0
770	0.0979503	0
771	0.0976088	0
772	0.0972681	0
773	0.096928	0
774	0.0965886	0
775	0.09625	0
776	0.0959121	0
777	0.095575	0
778	0.0952385	0
779	0.0949029	0
780	0.094568	0
781	0.0942338	0
782	0.0939004	0
783	0.0935678	0
784	0.093236	0
785	0.0929049	0
786	0.0925746	0
787	0.0922452	0
788	0.0919165	0
789	0.0915886	0
790	0.0912615	0
791	0.0909352	0
792	0.0906098	0
793	0.0902851	0
794	0.0899613	0
795	0.0896383	0
796	0.0893161	0
797	0.0889948	0
798	0.0886743	0
799	0.0883546	0
800	0.0880358	0
801	0.0877178	0
802	0.0874006	0
803	0.0870843	0
804	0.0867688	0
805	0.0864542	0
806	0.0861405	0
807	0.0858276	0
808	0.0855155	0
809	0.0852044	0
810	0.0848941	0
811	0.0845846	0
812	0.084276	0
813	0.0839683	0
814	0.0836615	0
815	0.0833555	0
816	0.0830504	0
817	0.0827462	0
818	0.0824429	0
819	0.0821404	0
820	0.0818388	0
821	0.0815381	0
822	0.0812383	0
823	0.0809394	0
824	0.0806414	0
825	0.0803442	0
826	0.0800479	0
827	0.0797526	0
828	0.0794581	0
829	0.0791645	0
830	0.0788718	0
831	0.07858	0
832	0.0782891	0
833	0.0779991	0
834	0.07771	0
835	0.0774218	0
836	0.0771345	0
837	0.0768481	0
838	0.0765626	0
839	0.076278	0
840	0.0759943	0
841	0.0757116	0
842	0.0754297	0
843	0.0751487	0
844	0.0748687	0
845	0.0745895	0
846	0.0743113	0
847	0.074034	0
848	0.0737576	0
849	0.0734821	0
850	0.0732075	0
851	0.0729338	0
852	0.072661	0
853	0.0723892	0
854	0.0721183	0
855	0.0718482	0
856	0.0715791	0
857	0.071311	0
858	0.0710437	0
859	0.0707774	0
860	0.0705119	0
861	0.0702474	0
862	0.0699838	0
863	0.0697212	0
864	0.0694594	0
865	0.0691986	0
866	0.0689387	0
867	0.0686797	0
868	0.0684217	0
869	0.0681645	0
870	0.0679083	0
871	0.067653	0
872	0.0673986	0
873	0.0671452	0
874	0.0668926	0
875	0.066641	0
876	0.0663903	0
877	0.0661406	0
878	0.0658917	0
879	0.0656438	0
880	0.0653968	0
881	0.0651507	0
882	0.0649056	0
883	0.0646613	0
884	0.064418	0
885	0.0641756	0
886	0.0639341	0
887	0.0636936	0
888	0.063454	0
889	0.0632152	0
890	0.0629774	0
891	0.0627406	0
892	0.0625046	0
893	0.0622696	0
894	0.0620354	0
895	0.0618022	0
896	0.0615699	0
897	0.0613385	0
898	0.0611081	0
899	0.0608785	0
900	0.0606499	0
901	0.0604221	0
902	0.0601953	0
903	0.0599694	0
904	0.0597444	0
905	0.0595203	0
906	0.0592971	0
907	0.0590748	0
908	0.0588534	0
909	0.058633	0
910	0.0584134	0
911	0.0581947	0
912	0.0579769	0
913	0.0577601	0
914	0.0575441	0
915	0.057329	0
916	0.0571148	0
917	0.0569015	0
918	0.0566891	0
919	0.0564776	0
920	0.056267	0
921	0.0560572	0
922	0.0558484	0
923	0.0556404	0
924	0.0554333	0
925	0.0552271	0
926	0.0550218	0
927	0.0548173	0
928	0.0546138	0
929	0.0544111	0
930	0.0542092	0
931	0.0540083	0
932	0.0538082	0
933	0.053609	0
934	0.0534106	0
935	0.0532131	0
936	0.0530165	0
937	0.0528207	0
938	0.0526258	0
939	0.0524317	0
940	0.0522385	0
941	0.0520461	0
942	0.0518546	0
943	0.051664	0
944	0.0514741	0
945	0.0512851	0
946	0.051097	0
947	0.0509097	0
948	0.0507232	0
949	0.0505376	0
950	0.0503528	0
951	0.0501688	0
952	0.0499856	0
953	0.0498033	0
954	0.0496218	0
955	0.0494411	0
956	0.0492612	0
957	0.0490821	0
958	0.0489038	0
959	0.0487264	0
960	0.0485497	0
961	0.0483739	0
962	0.0481988	0
963	0.0480246	0
964	0.0478511	0
965	0.0476785	0
966	0.0475066	0
967	0.0473355	0
968	0.0471652	0
969	0.0469957	0
970	0.0468269	0
971	0.046659	0
972	0.0464918	0
973	0.0463254	0
974	0.0461597	0
975	0.0459948	0
976	0.0458307	0
977	0.0456673	0
978	0.0455047	0
979	0.0453429	0
980	0.0451817	0
981	0.0450214	0
982	0.0448618	0
983	0.0447029	0
984	0.0445448	0
985	0.0443874	0
986	0.0442307	0
987	0.0440748	0
988	0.0439196	0
989	0.0437651	0
990	0.0436113	0
991	0.0434583	0
992	0.043306	0
993	0.0431544	0
994	0.0430035	0
995	0.0428533	0
996	0.0427038	0
997	0.042555	0
998	0.0424069	0
999	0.0422596	0
1000	0.0421129	0
