1	0.295129	0
2	0.290129	0
3	0.285499	0
4	0.281256	0
5	0.277404	0
6	0.273938	0
7	0.270845	0
8	0.268104	0
9	0.265691	0
10	0.263578	0
11	0.261737	0
12	0.26014	0
13	0.258758	0
14	0.257566	0
15	0.256539	0
16	0.255655	0
17	0.254894	0
18	0.25424	0
19	0.253677	0
20	0.253191	0
21	0.252772	0
22	0.252408	0
23	0.252092	0
24	0.251816	0
25	0.251575	0
26	0.251362	0
27	0.251173	0
28	0.251006	0
29	0.250855	0
30	0.250719	0
31	0.250596	0
32	0.250483	0
33	0.250379	0
34	0.250283	0
35	0.250193	0
36	0.250108	0
37	0.250028	0
38	0.249952	0
39	0.24988	0
40	0.24981	0
41	0.249742	0
42	0.249677	0
43	0.249614	0
44	0.249552	0
45	0.249491	0
46	0.249432	0
47	0.249374	0
48	0.249316	0
49	0.24926	0
50	0.249204	0
51	0.249149	0
52	0.249094	0
53	0.24904	0
54	0.248987	0
55	0.248934	0
56	0.248881	0
57	0.248828	0
58	0.248776	0
59	0.248724	0
60	0.248673	0
61	0.248622	0
62	0.24857	0
63	0.24852	0
64	0.248469	0
65	0.248419	0
66	0.248368	0
67	0.248318	0
68	0.248268	0
69	0.248218	0
70	0.248169	0
71	0.248119	0
72	0.24807	0
73	0.248021	0
74	0.247971	0
75	0.247922	0
76	0.247873	0
77	0.247824	0
78	0.247776	0
79	0.247727	0
80	0.247678	0
81	0.247629	0
82	0.247581	0
83	0.247532	0
84	0.247484	0
85	0.247435	0
86	0.247387	0
87	0.247338	0
88	0.24729	0
89	0.247242	0
90	0.247193	0
91	0.247145	0
92	0.247096	0
93	0.247048	0
94	0.246999	0
95	0.246951	0
96	0.246902	0
97	0.246854	0
98	0.246805	0
99	0.246756	0
100	0.246708	0
101	0.246659	0
102	0.24661	0
103	0.246561	0
104	0.246512	0
105	0.246463	0
106	0.246414	0
107	0.246365	0
108	0.246316	0
109	0.246266	0
110	0.246217	0
111	0.246167	0
112	0.246117	0
113	0.246067	0
114	0.246017	0
115	0.245967	0
116	0.245917	0
117	0.245867	0
118	0.245816	0
119	0.245765	0
120	0.245715	0
121	0.245664	0
122	0.245613	0
123	0.245561	0
124	0.24551	0
125	0.245458	0
126	0.245406	0
127	0.245354	0
128	0.245302	0
129	0.24525	0
130	0.245197	0
131	0.245144	0
132	0.245091	0
133	0.245038	0
134	0.244984	0
135	0.244931	0
136	0.244877	0
137	0.244823	0
138	0.244768	0
139	0.244714	0
140	0.244659	0
141	0.244604	0
142	0.244548	0
143	0.244493	0
144	0.244437	0
145	0.244381	0
146	0.244324	0
147	0.244268	0
148	0.244211	0
149	0.244153	0
150	0.244096	0
151	0.244038	0
152	0.24398	0
153	0.243921	0
154	0.243862	0
155	0.243803	0
156	0.243744	0
157	0.243684	0
158	0.243624	0
159	0.243563	0
160	0.243502	0
161	0.243441	0
162	0.24338	0
163	0.243318	0
164	0.243256	0
165	0.243193	0
166	0.24313	0
167	0.243067	0
168	0.243003	0
169	0.242939	0
170	0.242874	0
171	0.242809	0
172	0.242744	0
173	0.242678	0
174	0.242612	0
175	0.242546	0
176	0.242479	0
177	0.242411	0
178	0.242343	0
179	0.242275	0
180	0.242206	0
181	0.242137	0
182	0.242067	0
183	0.241997	0
184	0.241927	0
185	0.241855	0
186	0.241784	0
187	0.241712	0
188	0.241639	0
189	0.241566	0
190	0.241493	0
191	0.241419	0
192	0.241344	0
193	0.241269	0
194	0.241194	0
195	0.241118	0
196	0.241041	0
197	0.240964	0
198	0.240886	0
199	0.240808	0
200	0.240729	0
201	0.240649	0
202	0.240569	0
203	0.240489	0
204	0.240408	0
205	0.240326	0
206	0.240244	0
207	0.240161	0
208	0.240077	0
209	0.239993	0
210	0.239908	0
211	0.239823	0
212	0.239737	0
213	0.23965	0
214	0.239563	0
215	0.239475	0
216	0.239387	0
217	0.239297	0
218	0.239207	0
219	0.239117	0
220	0.239026	0
221	0.238934	0
222	0.238841	0
223	0.238748	0
224	0.238654	0
225	0.238559	0
226	0.238463	0
227	0.238367	0
228	0.23827	0
229	0.238172	0
230	0.238074	0
231	0.237975	0
232	0.237875	0
233	0.237774	0
234	0.237673	0
235	0.23757	0
236	0.237467	0
237	0.237364	0
238	0.237259	0
239	0.237153	0
240	0.237047	0
241	0.23694	0
242	0.236832	0
243	0.236723	0
244	0.236614	0
245	0.236503	0
246	0.236392	0
247	0.23628	0
248	0.236167	0
249	0.236053	0
250	0.235938	0
251	0.235823	0
252	0.235706	0
253	0.235589	0
254	0.23547	0
255	0.235351	0
256	0.235231	0
257	0.235109	0
258	0.234987	0
259	0.234864	0
260	0.23474	0
261	0.234615	0
262	0.234489	0
263	0.234362	0
264	0.234235	0
265	0.234106	0
266	0.233976	0
267	0.233845	0
268	0.233713	0
269	0.23358	0
270	0.233446	0
271	0.233311	0
272	0.233175	0
273	0.233038	0
274	0.2329	0
275	0.23276	0
276	0.23262	0
277	0.232479	0
278	0.232336	0
279	0.232193	0
280	0.232048	0
281	0.231902	0
282	0.231755	0
283	0.231607	0
284	0.231458	0
285	0.231308	0
286	0.231156	0
287	0.231004	0
288	0.23085	0
289	0.230695	0
290	0.230539	0
291	0.230382	0
292	0.230223	0
293	0.230064	0
294	0.229903	0
295	0.229741	0
296	0.229577	0
297	0.229413	0
298	0.229247	0
299	0.22908	0
300	0.228912	0
301	0.228742	0
302	0.228571	0
303	0.228399	0
304	0.228226	0
305	0.228051	0
306	0.227875	0
307	0.227698	0
308	0.22752	0
309	0.22734	0
310	0.227159	0
311	0.226976	0
312	0.226792	0
313	0.226607	0
314	0.226421	0
315	0.226233	0
316	0.226044	0
317	0.225853	0
318	0.225661	0
319	0.225468	0
320	0.225273	0
321	0.225077	0
322	0.224879	0
323	0.22468	0
324	0.22448	0
325	0.224278	0
326	0.224075	0
327	0.22387	0
328	0.223664	0
329	0.223457	0
330	0.223248	0
331	0.223037	0
332	0.222826	0
333	0.222612	0
334	0.222397	0
335	0.222181	0
336	0.221963	0
337	0.221744	0
338	0.221523	0
339	0.221301	0
340	0.221077	0
341	0.220852	0
342	0.220625	0
343	0.220397	0
344	0.220167	0
345	0.219936	0
346	0.219703	0
347	0.219468	0
348	0.219232	0
349	0.218994	0
350	0.218755	0
351	0.218515	0
352	0.218272	0
353	0.218029	0
354	0.217783	0
355	0.217536	0
356	0.217288	0
357	0.217037	0
358	0.216786	0
359	0.216532	0
360	0.216277	0
361	0.216021	0
362	0.215763	0
363	0.215503	0
364	0.215242	0
365	0.214979	0
366	0.214714	0
367	0.214448	0
368	0.21418	0
369	0.21391	0
370	0.213639	0
371	0.213366	0
372	0.213092	0
373	0.212816	0
374	0.212538	0
375	0.212259	0
376	0.211978	0
377	0.211695	0
378	0.211411	0
379	0.211125	0
380	0.210837	0
381	0.210548	0
382	0.210257	0
383	0.209965	0
384	0.209671	0
385	0.209375	0
386	0.209077	0
387	0.208778	0
388	0.208477	0
389	0.208174	0
390	0.20787	0
391	0.207564	0
392	0.207257	0
393	0.206948	0
394	0.206637	0
395	0.206324	0
396	0.20601	0
397	0.205694	0
398	0.205377	0
399	0.205057	0
400	0.204736	0
401	0.204414	0
402	0.20409	0
403	0.203764	0
404	0.203436	0
405	0.203107	0
406	0.202776	0
407	0.202444	0
408	0.202109	0
409	0.201774	0
410	0.201436	0
411	0.201097	0
412	0.200756	0
413	0.200414	0
414	0.20007	0
415	0.199724	0
416	0.199377	0
417	0.199028	0
418	0.198677	0
419	0.198325	0
420	0.197971	0
421	0.197615	0
422	0.197258	0
423	0.1969	0
424	0.196539	0
425	0.196177	0
426	0.195814	0
427	0.195449	0
428	0.195082	0
429	0.194714	0
430	0.194344	0
431	0.193972	0
432	0.193599	0
433	0.193225	0
434	0.192848	0
435	0.192471	0
436	0.192091	0
437	0.19171	0
438	0.191328	0
439	0.190944	0
440	0.190559	0
441	0.190172	0
442	0.189783	0
443	0.189393	0
444	0.189002	0
445	0.188609	0
446	0.188214	0
447	0.187818	0
448	0.187421	0
449	0.187022	0
450	0.186621	0
451	0.18622	0
452	0.185816	0
453	0.185412	0
454	0.185006	0
455	0.184598	0
456	0.184189	0
457	0.183779	0
458	0.183367	0
459	0.182954	0
460	0.18254	0
461	0.182124	0
462	0.181707	0
463	0.181288	0
464	0.180868	0
465	0.180447	0
466	0.180025	0
467	0.179601	0
468	0.179176	0
469	0.178749	0
470	0.178322	0
471	0.177893	0
472	0.177463	0
473	0.177032	0
474	0.176599	0
475	0.176165	0
476	0.17573	0
477	0.175294	0
478	0.174857	0
479	0.174418	0
480	0.173979	0
481	0.173538	0
482	0.173096	0
483	0.172653	0
484	0.172209	0
485	0.171764	0
486	0.171318	0
487	0.170871	0
488	0.170422	0
489	0.169973	0
490	0.169523	0
491	0.169071	0
492	0.168619	0
493	0.168166	0
494	0.167712	0
495	0.167256	0
496	0.1668	0
497	0.166343	0
498	0.165886	0
499	0.165427	0
500	0.164967	0
501	0.164507	0
502	0.164045	0
503	0.163583	0
504	0.16312	0
505	0.162657	0
506	0.162192	0
507	0.161727	0
508	0.161261	0
509	0.160795	0
510	0.160327	0
511	0.159859	0
512	0.159391	0
513	0.158921	0
514	0.158451	0
515	0.157981	0
516	0.15751	0
517	0.157038	0
518	0.156566	0
519	0.156093	0
520	0.15562	0
521	0.155146	0
522	0.154672	0
523	0.154197	0
524	0.153722	0
525	0.153246	0
526	0.15277	0
527	0.152293	0
528	0.151817	0
529	0.151339	0
530	0.150862	0
531	0.150384	0
532	0.149906	0
533	0.149428	0
534	0.148949	0
535	0.14847	0
536	0.147991	0
537	0.147512	0
538	0.147032	0
539	0.146552	0
540	0.146072	0
541	0.145592	0
542	0.145112	0
543	0.144632	0
544	0.144152	0
545	0.143672	0
546	0.143191	0
547	0.142711	0
548	0.142231	0
549	0.14175	0
550	0.14127	0
551	0.14079	0
552	0.14031	0
553	0.13983	0
554	0.13935	0
555	0.13887	0
556	0.138391	0
557	0.137911	0
558	0.137432	0
559	0.136953	0
560	0.136474	0
561	0.135996	0
562	0.135518	0
563	0.13504	0
564	0.134562	0
565	0.134085	0
566	0.133608	0
567	0.133131	0
568	0.132655	0
569	0.132179	0
570	0.131704	0
571	0.131229	0
572	0.130754	0
573	0.13028	0
574	0.129807	0
575	0.129334	0
576	0.128861	0
577	0.128389	0
578	0.127918	0
579	0.127447	0
580	0.126977	0
581	0.126508	0
582	0.126039	0
583	0.12557	0
584	0.125103	0
585	0.124636	0
586	0.124169	0
587	0.123704	0
588	0.123239	0
589	0.122775	0
590	0.122312	0
591	0.121849	0
592	0.121387	0
593	0.120926	0
594	0.120466	0
595	0.120007	0
596	0.119549	0
597	0.119091	0
598	0.118634	0
599	0.118179	0
600	0.117724	0
601	0.11727	0
602	0.116817	0
603	0.116365	0
604	0.115914	0
605	0.115464	0
606	0.115014	0
607	0.114566	0
608	0.114119	0
609	0.113673	0
610	0.113228	0
611	0.112784	0
612	0.112341	0
613	0.1119	0
614	0.111459	0
615	0.111019	0
616	0.110581	0
617	0.110144	0
618	0.109707	0
619	0.109272	0
620	0.108838	0
621	0.108406	0
622	0.107974	0
623	0.107544	0
624	0.107115	0
625	0.106687	0
626	0.10626	0
627	0.105834	0
628	0.10541	0
629	0.104987	0
630	0.104565	0
631	0.104145	0
632	0.103726	0
633	0.103308	0
634	0.102891	0
635	0.102476	0
636	0.102062	0
637	0.101649	0
638	0.101238	0
639	0.100828	0
640	0.100419	0
641	0.100012	0
642	0.0996057	0
643	0.099201	0
644	0.0987977	0
645	0.0983958	0
646	0.0979952	0
647	0.097596	0
648	0.0971982	0
649	0.0968018	0
650	0.0964068	0
651	0.0960132	0
652	0.095621	0
653	0.0952302	0
654	0.0948408	0
655	0.0944528	0
656	0.0940663	0
657	0.0936812	0
658	0.0932975	0
659	0.0929152	0
660	0.0925344	0
661	0.092155	0
662	0.0917771	0
663	0.0914006	0
664	0.0910256	0
665	0.090652	0
666	0.0902799	0
667	0.0899092	0
668	0.08954	0
669	0.0891723	0
670	0.088806	0
671	0.0884412	0
672	0.0880779	0
673	0.087716	0
674	0.0873556	0
675	0.0869966	0
676	0.0866392	0
677	0.0862832	0
678	0.0859286	0
679	0.0855756	0
680	0.085224	0
681	0.0848739	0
682	0.0845253	0
683	0.0841781	0
684	0.0838325	0
685	0.0834883	0
686	0.0831455	0
687	0.0828043	0
688	0.0824645	0
689	0.0821262	0
690	0.0817894	0
691	0.081454	0
692	0.0811201	0
693	0.0807877	0
694	0.0804567	0
695	0.0801272	0
696	0.0797992	0
697	0.0794726	0
698	0.0791475	0
699	0.0788239	0
700	0.0785017	0
701	0.078181	0
702	0.0778617	0
703	0.0775439	0
704	0.0772275	0
705	0.0769126	0
706	0.0765991	0
707	0.0762871	0
708	0.0759765	0
709	0.0756673	0
710	0.0753596	0
711	0.0750533	0
712	0.0747484	0
713	0.0744449	0
714	0.0741429	0
715	0.0738423	0
716	0.0735431	0
717	0.0732453	0
718	0.072949	0
719	0.072654	0
720	0.0723604	0
721	0.0720683	0
722	0.0717775	0
723	0.0714881	0
724	0.0712002	0
725	0.0709135	0
726	0.0706283	0
727	0.0703445	0
728	0.070062	0
729	0.0697809	0
730	0.0695011	0
731	0.0692227	0
732	0.0689457	0
733	0.06867	0
734	0.0683957	0
735	0.0681227	0
736	0.067851	0
737	0.0675807	0
738	0.0673117	0
739	0.067044	0
740	0.0667777	0
741	0.0665127	0
742	0.0662489	0
743	0.0659865	0
744	0.0657254	0
745	0.0654656	0
746	0.0652071	0
747	0.0649498	0
748	0.0646938	0
749	0.0644392	0
750	0.0641858	0
751	0.0639336	0
752	0.0636827	0
753	0.0634331	0
754	0.0631847	0
755	0.0629376	0
756	0.0626917	0
757	0.0624471	0
758	0.0622037	0
759	0.0619615	0
760	0.0617205	0
761	0.0614808	0
762	0.0612423	0
763	0.0610049	0
764	0.0607688	0
765	0.0605339	0
766	0.0603002	0
767	0.0600676	0
768	0.0598362	0
769	0.059606	0
770	0.059377	0
771	0.0591492	0
772	0.0589225	0
773	0.0586969	0
774	0.0584725	0
775	0.0582493	0
776	0.0580272	0
777	0.0578062	0
778	0.0575864	0
779	0.0573676	0
780	0.05715	0
781	0.0569335	0
782	0.0567182	0
783	0.0565039	0
784	0.0562907	0
785	0.0560786	0
786	0.0558676	0
787	0.0556577	0
788	0.0554488	0
789	0.055241	0
790	0.0550343	0
791	0.0548286	0
792	0.054624	0
793	0.0544205	0
794	0.054218	0
795	0.0540165	0
796	0.0538161	0
797	0.0536167	0
798	0.0534183	0
799	0.0532209	0
800	0.0530246	0
801	0.0528292	0
802	0.0526349	0
803	0.0524415	0
804	0.0522492	0
805	0.0520578	0
806	0.0518674	0
807	0.051678	0
808	0.0514896	0
809	0.0513021	0
810	0.0511156	0
811	0.0509301	0
812	0.0507455	0
813	0.0505618	0
814	0.0503791	0
815	0.0501973	0
816	0.0500165	0
817	0.0498366	0
818	0.0496576	0
819	0.0494795	0
820	0.0493023	0
821	0.0491261	0
822	0.0489507	0
823	0.0487763	0
824	0.0486027	0
825	0.04843	0
826	0.0482582	0
827	0.0480873	0
828	0.0479173	0
829	0.0477481	0
830	0.0475798	0
831	0.0474123	0
832	0.0472457	0
833	0.0470799	0
834	0.046915	0
835	0.046751	0
836	0.0465877	0
837	0.0464253	0
838	0.0462637	0
839	0.046103	0
840	0.045943	0
841	0.0457839	0
842	0.0456256	0
843	0.0454681	0
844	0.0453113	0
845	0.0451554	0
846	0.0450003	0
847	0.0448459	0
848	0.0446923	0
849	0.0445395	0
850	0.0443875	0
851	0.0442362	0
852	0.0440858	0
853	0.043936	0
854	0.043787	0
855	0.0436388	0
856	0.0434913	0
857	0.0433446	0
858	0.0431986	0
859	0.0430533	0
860	0.0429087	0
861	0.0427649	0
862	0.0426218	0
863	0.0424794	0
864	0.0423378	0
865	0.0421968	0
866	0.0420565	0
867	0.041917	0
868	0.0417781	0
869	0.04164	0
870	0.0415025	0
871	0.0413657	0
872	0.0412296	0
873	0.0410941	0
874	0.0409593	0
875	0.0408252	0
876	0.0406918	0
877	0.040559	0
878	0.0404269	0
879	0.0402955	0
880	0.0401646	0
881	0.0400345	0
882	0.0399049	0
883	0.0397761	0
884	0.0396478	0
885	0.0395202	0
886	0.0393932	0
887	0.0392668	0
888	0.0391411	0
889	0.0390159	0
890	0.0388914	0
891	0.0387675	0
892	0.0386442	0
893	0.0385215	0
894	0.0383994	0
895	0.0382778	0
896	0.0381569	0
897	0.0380366	0
898	0.0379168	0
899	0.0377977	0
900	0.0376791	0
901	0.0375611	0
902	0.0374436	0
903	0.0373268	0
904	0.0372105	0
905	0.0370947	0
906	0.0369795	0
907	0.0368649	0
908	0.0367508	0
909	0.0366373	0
910	0.0365243	0
911	0.0364118	0
912	0.0362999	0
913	0.0361886	0
914	0.0360777	0
915	0.0359674	0
916	0.0358576	0
917	0.0357484	0
918	0.0356396	0
919	0.0355314	0
920	0.0354237	0
921	0.0353165	0
922	0.0352098	0
923	0.0351036	0
924	0.034998	0
925	0.0348928	0
926	0.0347881	0
927	0.0346839	0
928	0.0345802	0
929	0.034477	0
930	0.0343743	0
931	0.0342721	0
932	0.0341703	0
933	0.034069	0
934	0.0339682	0
935	0.0338679	0
936	0.033768	0
937	0.0336686	0
938	0.0335697	0
939	0.0334712	0
940	0.0333732	0
941	0.0332756	0
942	0.0331785	0
943	0.0330818	0
944	0.0329856	0
945	0.0328898	0
946	0.0327945	0
947	0.0326996	0
948	0.0326052	0
949	0.0325112	0
950	0.0324176	0
951	0.0323244	0
952	0.0322317	0
953	0.0321394	0
954	0.0320475	0
955	0.0319561	0
956	0.031865	0
957	0.0317744	0
958	0.0316842	0
959	0.0315944	0
960	0.031505	0
961	0.031416	0
962	0.0313274	0
963	0.0312392	0
964	0.0311515	0
965	0.0310641	0
966	0.0309771	0
967	0.0308905	0
968	0.0308043	0
969	0.0307185	0
970	0.030633	0
971	0.030548	0
972	0.0304633	0
973	0.030379	0
974	0.0302951	0
975	0.0302115	0
976	0.0301284	0
977	0.0300456	0
978	0.0299631	0
979	0.0298811	0
980	0.0297994	0
981	0.029718	0
982	0.029637	0
983	0.0295564	0
984	0.0294762	0
985	0.0293963	0
986	0.0293167	0
987	0.0292375	0
988	0.0291586	0
989	0.0290801	0
990	0.0290019	0
991	0.0289241	0
992	0.0288466	0
993	0.0287695	0
994	0.0286927	0
995	0.0286162	0
996	0.02854	0
997	0.0284642	0
998	0.0283887	0
999	0.0283136	0
1000	0.0282387	0
