1	0.0302541	0
2	0.0302486	0
3	0.0302449	0
4	0.0302397	0
5	0.0302345	0
6	0.0302295	0
7	0.0302247	0
8	0.0302201	0
9	0.0302157	0
10	0.0302115	0
11	0.0302076	0
12	0.0302038	0
13	0.0302001	0
14	0.0301966	0
15	0.0301933	0
16	0.0301901	0
17	0.030187	0
18	0.030184	0
19	0.0301812	0
20	0.0301784	0
21	0.0301758	0
22	0.0301732	0
23	0.0301707	0
24	0.0301683	0
25	0.030166	0
26	0.0301638	0
27	0.0301616	0
28	0.0301595	0
29	0.0301574	0
30	0.0301554	0
31	0.0301535	0
32	0.0301516	0
33	0.0301498	0
34	0.030148	0
35	0.0301463	0
36	0.0301446	0
37	0.0301429	0
38	0.0301413	0
39	0.0301397	0
40	0.0301382	0
41	0.0301366	0
42	0.0301352	0
43	0.0301337	0
44	0.0301323	0
45	0.0301309	0
46	0.0301295	0
47	0.0301282	0
48	0.0301269	0
49	0.0301256	0
50	0.0301243	0
51	0.030123	0
52	0.0301218	0
53	0.0301206	0
54	0.0301194	0
55	0.0301182	0
56	0.030117	0
57	0.0301158	0
58	0.0301147	0
59	0.0301136	0
60	0.0301125	0
61	0.0301114	0
62	0.0301103	0
63	0.0301092	0
64	0.0301082	0
65	0.0301071	0
66	0.0301061	0
67	0.030105	0
68	0.030104	0
69	0.030103	0
70	0.030102	0
71	0.030101	0
72	0.0301	0
73	0.030099	0
74	0.0300981	0
75	0.0300971	0
76	0.0300962	0
77	0.0300952	0
78	0.0300943	0
79	0.0300933	0
80	0.0300924	0
81	0.0300915	0
82	0.0300905	0
83	0.0300896	0
84	0.0300887	0
85	0.0300878	0
86	0.0300869	0
87	0.030086	0
88	0.0300851	0
89	0.0300842	0
90	0.0300833	0
91	0.0300824	0
92	0.0300816	0
93	0.0300807	0
94	0.0300798	0
95	0.0300789	0
96	0.0300781	0
97	0.0300772	0
98	0.0300763	0
99	0.0300755	0
100	0.0300746	0
101	0.0300738	0
102	0.0300729	0
103	0.030072	0
104	0.0300712	0
105	0.0300703	0
106	0.0300695	0
107	0.0300686	0
108	0.0300678	0
109	0.030067	0
110	0.0300661	0
111	0.0300653	0
112	0.0300644	0
113	0.0300636	0
114	0.0300628	0
115	0.0300619	0
116	0.0300611	0
117	0.0300603	0
118	0.0300594	0
119	0.0300586	0
120	0.0300578	0
121	0.0300569	0
122	0.0300561	0
123	0.0300553	0
124	0.0300544	0
125	0.0300536	0
126	0.0300528	0
127	0.030052	0
128	0.0300511	0
129	0.0300503	0
130	0.0300495	0
131	0.0300487	0
132	0.0300479	0
133	0.030047	0
134	0.0300462	0
135	0.0300454	0
136	0.0300446	0
137	0.0300438	0
138	0.0300429	0
139	0.0300421	0
140	0.0300413	0
141	0.0300405	0
142	0.0300397	0
143	0.0300389	0
144	0.0300381	0
145	0.0300372	0
146	0.0300364	0
147	0.0300356	0
148	0.0300348	0
149	0.030034	0
150	0.0300332	0
151	0.0300324	0
152	0.0300316	0
153	0.0300308	0
154	0.03003	0
155	0.0300292	0
156	0.0300284	0
157	0.0300276	0
158	0.0300268	0
159	0.030026	0
160	0.0300252	0
161	0.0300244	0
162	0.0300236	0
163	0.0300228	0
164	0.030022	0
165	0.0300212	0
166	0.0300205	0
167	0.0300197	0
168	0.0300189	0
169	0.0300181	0
170	0.0300173	0
171	0.0300166	0
172	0.0300158	0
173	0.030015	0
174	0.0300142	0
175	0.0300135	0
176	0.0300127	0
177	0.0300119	0
178	0.0300112	0
179	0.0300104	0
180	0.0300096	0
181	0.0300089	0
182	0.0300081	0
183	0.0300074	0
184	0.0300066	0
185	0.0300059	0
186	0.0300051	0
187	0.0300044	0
188	0.0300037	0
189	0.0300029	0
190	0.0300022	0
191	0.0300015	0
192	0.0300007	0
193	0.03	0
194	0.0299993	0
195	0.0299986	0
196	0.0299979	0
197	0.0299971	0
198	0.0299964	0
199	0.0299957	0
200	0.029995	0
201	0.0299943	0
202	0.0299936	0
203	0.0299929	0
204	0.0299923	0
205	0.0299916	0
206	0.0299909	0
207	0.0299902	0
208	0.0299895	0
209	0.0299889	0
210	0.0299882	0
211	0.0299875	0
212	0.0299869	0
213	0.0299862	0
214	0.0299856	0
215	0.0299849	0
216	0.0299843	0
217	0.0299836	0
218	0.029983	0
219	0.0299823	0
220	0.0299817	0
221	0.0299811	0
222	0.0299805	0
223	0.0299798	0
224	0.0299792	0
225	0.0299786	0
226	0.029978	0
227	0.0299774	0
228	0.0299768	0
229	0.0299762	0
230	0.0299756	0
231	0.029975	0
232	0.0299744	0
233	0.0299739	0
234	0.0299733	0
235	0.0299727	0
236	0.0299721	0
237	0.0299716	0
238	0.029971	0
239	0.0299705	0
240	0.0299699	0
241	0.0299693	0
242	0.0299688	0
243	0.0299683	0
244	0.0299677	0
245	0.0299672	0
246	0.0299667	0
247	0.0299661	0
248	0.0299656	0
249	0.0299651	0
250	0.0299646	0
251	0.0299641	0
252	0.0299636	0
253	0.0299631	0
254	0.0299626	0
255	0.0299621	0
256	0.0299616	0
257	0.0299611	0
258	0.0299606	0
259	0.0299601	0
260	0.0299596	0
261	0.0299592	0
262	0.0299587	0
263	0.0299582	0
264	0.0299577	0
265	0.0299573	0
266	0.0299568	0
267	0.0299564	0
268	0.0299559	0
269	0.0299555	0
270	0.029955	0
271	0.0299546	0
272	0.0299541	0
273	0.0299537	0
274	0.0299533	0
275	0.0299529	0
276	0.0299524	0
277	0.029952	0
278	0.0299516	0
279	0.0299512	0
280	0.0299508	0
281	0.0299503	0
282	0.0299499	0
283	0.0299495	0
284	0.0299491	0
285	0.0299487	0
286	0.0299483	0
287	0.0299479	0
288	0.0299475	0
289	0.0299471	0
290	0.0299468	0
291	0.0299464	0
292	0.029946	0
293	0.0299456	0
294	0.0299452	0
295	0.0299449	0
296	0.0299445	0
297	0.0299441	0
298	0.0299437	0
299	0.0299434	0
300	0.029943	0
301	0.0299427	0
302	0.0299423	0
303	0.0299419	0
304	0.0299416	0
305	0.0299412	0
306	0.0299409	0
307	0.0299405	0
308	0.0299402	0
309	0.0299398	0
310	0.0299395	0
311	0.0299391	0
312	0.0299388	0
313	0.0299385	0
314	0.0299381	0
315	0.0299378	0
316	0.0299375	0
317	0.0299371	0
318	0.0299368	0
319	0.0299365	0
320	0.0299361	0
321	0.0299358	0
322	0.0299355	0
323	0.0299352	0
324	0.0299348	0
325	0.0299345	0
326	0.0299342	0
327	0.0299339	0
328	0.0299335	0
329	0.0299332	0
330	0.0299329	0
331	0.0299326	0
332	0.0299323	0
333	0.029932	0
334	0.0299317	0
335	0.0299314	0
336	0.029931	0
337	0.0299307	0
338	0.0299304	0
339	0.0299301	0
340	0.0299298	0
341	0.0299295	0
342	0.0299292	0
343	0.0299289	0
344	0.0299286	0
345	0.0299283	0
346	0.029928	0
347	0.0299277	0
348	0.0299274	0
349	0.0299271	0
350	0.0299268	0
351	0.0299265	0
352	0.0299262	0
353	0.0299259	0
354	0.0299256	0
355	0.0299253	0
356	0.029925	0
357	0.0299247	0
358	0.0299245	0
359	0.0299242	0
360	0.0299239	0
361	0.0299236	0
362	0.0299233	0
363	0.029923	0
364	0.0299227	0
365	0.0299224	0
366	0.0299221	0
367	0.0299218	0
368	0.0299215	0
369	0.0299213	0
370	0.029921	0
371	0.0299207	0
372	0.0299204	0
373	0.0299201	0
374	0.0299198	0
375	0.0299195	0
376	0.0299192	0
377	0.029919	0
378	0.0299187	0
379	0.0299184	0
380	0.0299181	0
381	0.0299178	0
382	0.0299175	0
383	0.0299172	0
384	0.0299169	0
385	0.0299167	0
386	0.0299164	0
387	0.0299161	0
388	0.0299158	0
389	0.0299155	0
390	0.0299152	0
391	0.0299149	0
392	0.0299147	0
393	0.0299144	0
394	0.0299141	0
395	0.0299138	0
396	0.0299135	0
397	0.0299132	0
398	0.0299129	0
399	0.0299126	0
400	0.0299124	0
401	0.0299121	0
402	0.0299118	0
403	0.0299115	0
404	0.0299112	0
405	0.0299109	0
406	0.0299106	0
407	0.0299103	0
408	0.0299101	0
409	0.0299098	0
410	0.0299095	0
411	0.0299092	0
412	0.0299089	0
413	0.0299086	0
414	0.0299083	0
415	0.029908	0
416	0.0299077	0
417	0.0299075	0
418	0.0299072	0
419	0.0299069	0
420	0.0299066	0
421	0.0299063	0
422	0.029906	0
423	0.0299057	0
424	0.0299054	0
425	0.0299051	0
426	0.0299048	0
427	0.0299045	0
428	0.0299042	0
429	0.0299039	0
430	0.0299036	0
431	0.0299034	0
432	0.0299031	0
433	0.0299028	0
434	0.0299025	0
435	0.0299022	0
436	0.0299019	0
437	0.0299016	0
438	0.0299013	0
439	0.029901	0
440	0.0299007	0
441	0.0299004	0
442	0.0299001	0
443	0.0298998	0
444	0.0298995	0
445	0.0298992	0
446	0.0298989	0
447	0.0298986	0
448	0.0298983	0
449	0.029898	0
450	0.0298977	0
451	0.0298974	0
452	0.0298971	0
453	0.0298967	0
454	0.0298964	0
455	0.0298961	0
456	0.0298958	0
457	0.0298955	0
458	0.0298952	0
459	0.0298949	0
460	0.0298946	0
461	0.0298943	0
462	0.029894	0
463	0.0298937	0
464	0.0298934	0
465	0.029893	0
466	0.0298927	0
467	0.0298924	0
468	0.0298921	0
469	0.0298918	0
470	0.0298915	0
471	0.0298912	0
472	0.0298908	0
473	0.0298905	0
474	0.0298902	0
475	0.0298899	0
476	0.0298896	0
477	0.0298893	0
478	0.0298889	0
479	0.0298886	0
480	0.0298883	0
481	0.029888	0
482	0.0298876	0
483	0.0298873	0
484	0.029887	0
485	0.0298867	0
486	0.0298863	0
487	0.029886	0
488	0.0298857	0
489	0.0298854	0
490	0.029885	0
491	0.0298847	0
492	0.0298844	0
493	0.0298841	0
494	0.0298837	0
495	0.0298834	0
496	0.0298831	0
497	0.0298827	0
498	0.0298824	0
499	0.0298821	0
500	0.0298817	0
501	0.0298814	0
502	0.029881	0
503	0.0298807	0
504	0.0298804	0
505	0.02988	0
506	0.0298797	0
507	0.0298794	0
508	0.029879	0
509	0.0298787	0
510	0.0298783	0
511	0.029878	0
512	0.0298776	0
513	0.0298773	0
514	0.029877	0
515	0.0298766	0
516	0.0298763	0
517	0.0298759	0
518	0.0298756	0
519	0.0298752	0
520	0.0298749	0
521	0.0298745	0
522	0.0298742	0
523	0.0298738	0
524	0.0298735	0
525	0.0298731	0
526	0.0298727	0
527	0.0298724	0
528	0.029872	0
529	0.0298717	0
530	0.0298713	0
531	0.029871	0
532	0.0298706	0
533	0.0298702	0
534	0.0298699	0
535	0.0298695	0
536	0.0298691	0
537	0.0298688	0
538	0.0298684	0
539	0.029868	0
540	0.0298677	0
541	0.0298673	0
542	0.0298669	0
543	0.0298666	0
544	0.0298662	0
545	0.0298658	0
546	0.0298655	0
547	0.0298651	0
548	0.0298647	0
549	0.0298643	0
550	0.029864	0
551	0.0298636	0
552	0.0298632	0
553	0.0298628	0
554	0.0298625	0
555	0.0298621	0
556	0.0298617	0
557	0.0298613	0
558	0.0298609	0
559	0.0298605	0
560	0.0298602	0
561	0.0298598	0
562	0.0298594	0
563	0.029859	0
564	0.0298586	0
565	0.0298582	0
566	0.0298578	0
567	0.0298575	0
568	0.0298571	0
569	0.0298567	0
570	0.0298563	0
571	0.0298559	0
572	0.0298555	0
573	0.0298551	0
574	0.0298547	0
575	0.0298543	0
576	0.0298539	0
577	0.0298535	0
578	0.0298531	0
579	0.0298527	0
580	0.0298523	0
581	0.0298519	0
582	0.0298515	0
583	0.0298511	0
584	0.0298507	0
585	0.0298503	0
586	0.0298499	0
587	0.0298495	0
588	0.029849	0
589	0.0298486	0
590	0.0298482	0
591	0.0298478	0
592	0.0298474	0
593	0.029847	0
594	0.0298466	0
595	0.0298462	0
596	0.0298457	0
597	0.0298453	0
598	0.0298449	0
599	0.0298445	0
600	0.0298441	0
601	0.0298437	0
602	0.0298432	0
603	0.0298428	0
604	0.0298424	0
605	0.029842	0
606	0.0298415	0
607	0.0298411	0
608	0.0298407	0
609	0.0298403	0
610	0.0298398	0
611	0.0298394	0
612	0.029839	0
613	0.0298385	0
614	0.0298381	0
615	0.0298377	0
616	0.0298372	0
617	0.0298368	0
618	0.0298364	0
619	0.0298359	0
620	0.0298355	0
621	0.0298351	0
622	0.0298346	0
623	0.0298342	0
624	0.0298337	0
625	0.0298333	0
626	0.0298329	0
627	0.0298324	0
628	0.029832	0
629	0.0298315	0
630	0.0298311	0
631	0.0298306	0
632	0.0298302	0
633	0.0298297	0
634	0.0298293	0
635	0.0298288	0
636	0.0298284	0
637	0.0298279	0
638	0.0298275	0
639	0.029827	0
640	0.0298266	0
641	0.0298261	0
642	0.0298257	0
643	0.0298252	0
644	0.0298248	0
645	0.0298243	0
646	0.0298239	0
647	0.0298234	0
648	0.0298229	0
649	0.0298225	0
650	0.029822	0
651	0.0298216	0
652	0.0298211	0
653	0.0298206	0
654	0.0298202	0
655	0.0298197	0
656	0.0298192	0
657	0.0298188	0
658	0.0298183	0
659	0.0298178	0
660	0.0298174	0
661	0.0298169	0
662	0.0298164	0
663	0.029816	0
664	0.0298155	0
665	0.029815	0
666	0.0298146	0
667	0.0298141	0
668	0.0298136	0
669	0.0298131	0
670	0.0298127	0
671	0.0298122	0
672	0.0298117	0
673	0.0298112	0
674	0.0298108	0
675	0.0298103	0
676	0.0298098	0
677	0.0298093	0
678	0.0298088	0
679	0.0298084	0
680	0.0298079	0
681	0.0298074	0
682	0.0298069	0
683	0.0298064	0
684	0.029806	0
685	0.0298055	0
686	0.029805	0
687	0.0298045	0
688	0.029804	0
689	0.0298035	0
690	0.029803	0
691	0.0298026	0
692	0.0298021	0
693	0.0298016	0
694	0.0298011	0
695	0.0298006	0
696	0.0298001	0
697	0.0297996	0
698	0.0297991	0
699	0.0297987	0
700	0.0297982	0
701	0.0297977	0
702	0.0297972	0
703	0.0297967	0
704	0.0297962	0
705	0.0297957	0
706	0.0297952	0
707	0.0297947	0
708	0.0297942	0
709	0.0297937	0
710	0.0297932	0
711	0.0297927	0
712	0.0297922	0
713	0.0297917	0
714	0.0297912	0
715	0.0297908	0
716	0.0297903	0
717	0.0297898	0
718	0.0297893	0
719	0.0297888	0
720	0.0297883	0
721	0.0297878	0
722	0.0297873	0
723	0.0297868	0
724	0.0297863	0
725	0.0297858	0
726	0.0297853	0
727	0.0297848	0
728	0.0297843	0
729	0.0297838	0
730	0.0297833	0
731	0.0297828	0
732	0.0297823	0
733	0.0297818	0
734	0.0297812	0
735	0.0297807	0
736	0.0297802	0
737	0.0297797	0
738	0.0297792	0
739	0.0297787	0
740	0.0297782	0
741	0.0297777	0
742	0.0297772	0
743	0.0297767	0
744	0.0297762	0
745	0.0297757	0
746	0.0297752	0
747	0.0297747	0
748	0.0297742	0
749	0.0297737	0
750	0.0297732	0
751	0.0297727	0
752	0.0297722	0
753	0.0297716	0
754	0.0297711	0
755	0.0297706	0
756	0.0297701	0
757	0.0297696	0
758	0.0297691	0
759	0.0297686	0
760	0.0297681	0
761	0.0297676	0
762	0.0297671	0
763	0.0297666	0
764	0.0297661	0
765	0.0297656	0
766	0.029765	0
767	0.0297645	0
768	0.029764	0
769	0.0297635	0
770	0.029763	0
771	0.0297625	0
772	0.029762	0
773	0.0297615	0
774	0.029761	0
775	0.0297605	0
776	0.0297599	0
777	0.0297594	0
778	0.0297589	0
779	0.0297584	0
780	0.0297579	0
781	0.0297574	0
782	0.0297569	0
783	0.0297564	0
784	0.0297559	0
785	0.0297554	0
786	0.0297548	0
787	0.0297543	0
788	0.0297538	0
789	0.0297533	0
790	0.0297528	0
791	0.0297523	0
792	0.0297518	0
793	0.0297513	0
794	0.0297508	0
795	0.0297502	0
796	0.0297497	0
797	0.0297492	0
798	0.0297487	0
799	0.0297482	0
800	0.0297477	0
801	0.0297472	0
802	0.0297467	0
803	0.0297462	0
804	0.0297456	0
805	0.0297451	0
806	0.0297446	0
807	0.0297441	0
808	0.0297436	0
809	0.0297431	0
810	0.0297426	0
811	0.0297421	0
812	0.0297415	0
813	0.029741	0
814	0.0297405	0
815	0.02974	0
816	0.0297395	0
817	0.029739	0
818	0.0297385	0
819	0.029738	0
820	0.0297374	0
821	0.0297369	0
822	0.0297364	0
823	0.0297359	0
824	0.0297354	0
825	0.0297349	0
826	0.0297344	0
827	0.0297339	0
828	0.0297333	0
829	0.0297328	0
830	0.0297323	0
831	0.0297318	0
832	0.0297313	0
833	0.0297308	0
834	0.0297303	0
835	0.0297298	0
836	0.0297292	0
837	0.0297287	0
838	0.0297282	0
839	0.0297277	0
840	0.0297272	0
841	0.0297267	0
842	0.0297262	0
843	0.0297256	0
844	0.0297251	0
845	0.0297246	0
846	0.0297241	0
847	0.0297236	0
848	0.0297231	0
849	0.0297226	0
850	0.029722	0
851	0.0297215	0
852	0.029721	0
853	0.0297205	0
854	0.02972	0
855	0.0297195	0
856	0.029719	0
857	0.0297184	0
858	0.0297179	0
859	0.0297174	0
860	0.0297169	0
861	0.0297164	0
862	0.0297159	0
863	0.0297154	0
864	0.0297148	0
865	0.0297143	0
866	0.0297138	0
867	0.0297133	0
868	0.0297128	0
869	0.0297123	0
870	0.0297118	0
871	0.0297112	0
872	0.0297107	0
873	0.0297102	0
874	0.0297097	0
875	0.0297092	0
876	0.0297087	0
877	0.0297081	0
878	0.0297076	0
879	0.0297071	0
880	0.0297066	0
881	0.0297061	0
882	0.0297056	0
883	0.029705	0
884	0.0297045	0
885	0.029704	0
886	0.0297035	0
887	0.029703	0
888	0.0297025	0
889	0.0297019	0
890	0.0297014	0
891	0.0297009	0
892	0.0297004	0
893	0.0296999	0
894	0.0296993	0
895	0.0296988	0
896	0.0296983	0
897	0.0296978	0
898	0.0296973	0
899	0.0296968	0
900	0.0296962	0
901	0.0296957	0
902	0.0296952	0
903	0.0296947	0
904	0.0296942	0
905	0.0296936	0
906	0.0296931	0
907	0.0296926	0
908	0.0296921	0
909	0.0296916	0
910	0.029691	0
911	0.0296905	0
912	0.02969	0
913	0.0296895	0
914	0.029689	0
915	0.0296884	0
916	0.0296879	0
917	0.0296874	0
918	0.0296869	0
919	0.0296864	0
920	0.0296858	0
921	0.0296853	0
922	0.0296848	0
923	0.0296843	0
924	0.0296838	0
925	0.0296832	0
926	0.0296827	0
927	0.0296822	0
928	0.0296817	0
929	0.0296811	0
930	0.0296806	0
931	0.0296801	0
932	0.0296796	0
933	0.0296791	0
934	0.0296785	0
935	0.029678	0
936	0.0296775	0
937	0.029677	0
938	0.0296765	0
939	0.0296759	0
940	0.0296754	0
941	0.0296749	0
942	0.0296744	0
943	0.0296738	0
944	0.0296733	0
945	0.0296728	0
946	0.0296723	0
947	0.0296718	0
948	0.0296712	0
949	0.0296707	0
950	0.0296702	0
951	0.0296697	0
952	0.0296691	0
953	0.0296686	0
954	0.0296681	0
955	0.0296676	0
956	0.029667	0
957	0.0296665	0
958	0.029666	0
959	0.0296655	0
960	0.029665	0
961	0.0296644	0
962	0.0296639	0
963	0.0296634	0
964	0.0296629	0
965	0.0296623	0
966	0.0296618	0
967	0.0296613	0
968	0.0296608	0
969	0.0296603	0
970	0.0296597	0
971	0.0296592	0
972	0.0296587	0
973	0.0296582	0
974	0.0296576	0
975	0.0296571	0
976	0.0296566	0
977	0.0296561	0
978	0.0296556	0
979	0.029655	0
980	0.0296545	0
981	0.029654	0
982	0.0296535	0
983	0.029653	0
984	0.0296524	0
985	0.0296519	0
986	0.0296514	0
987	0.0296509	0
988	0.0296504	0
989	0.0296498	0
990	0.0296493	0
991	0.0296488	0
992	0.0296483	0
993	0.0296478	0
994	0.0296472	0
995	0.0296467	0
996	0.0296462	0
997	0.0296457	0
998	0.0296452	0
999	0.0296446	0
1000	0.0296441	0
