1	0.0302538	0
2	0.0301857	0
3	0.0301779	0
4	0.0301747	0
5	0.0301719	0
6	0.0301691	0
7	0.0301664	0
8	0.0301637	0
9	0.0301612	0
10	0.0301587	0
11	0.0301563	0
12	0.030154	0
13	0.0301518	0
14	0.0301497	0
15	0.0301476	0
16	0.0301456	0
17	0.0301437	0
18	0.0301418	0
19	0.03014	0
20	0.0301382	0
21	0.0301365	0
22	0.0301348	0
23	0.0301331	0
24	0.0301315	0
25	0.03013	0
26	0.0301284	0
27	0.0301269	0
28	0.0301255	0
29	0.0301241	0
30	0.0301227	0
31	0.0301213	0
32	0.0301199	0
33	0.0301186	0
34	0.0301173	0
35	0.030116	0
36	0.0301148	0
37	0.0301135	0
38	0.0301123	0
39	0.0301111	0
40	0.0301099	0
41	0.0301088	0
42	0.0301076	0
43	0.0301065	0
44	0.0301054	0
45	0.0301043	0
46	0.0301032	0
47	0.0301021	0
48	0.030101	0
49	0.0301	0
50	0.0300989	0
51	0.0300979	0
52	0.0300968	0
53	0.0300958	0
54	0.0300948	0
55	0.0300938	0
56	0.0300928	0
57	0.0300918	0
58	0.0300909	0
59	0.0300899	0
60	0.0300889	0
61	0.030088	0
62	0.030087	0
63	0.0300861	0
64	0.0300851	0
65	0.0300842	0
66	0.0300833	0
67	0.0300823	0
68	0.0300814	0
69	0.0300805	0
70	0.0300796	0
71	0.0300787	0
72	0.0300778	0
73	0.0300769	0
74	0.030076	0
75	0.0300751	0
76	0.0300742	0
77	0.0300733	0
78	0.0300725	0
79	0.0300716	0
80	0.0300707	0
81	0.0300698	0
82	0.030069	0
83	0.0300681	0
84	0.0300672	0
85	0.0300664	0
86	0.0300655	0
87	0.0300647	0
88	0.0300638	0
89	0.030063	0
90	0.0300621	0
91	0.0300613	0
92	0.0300604	0
93	0.0300596	0
94	0.0300587	0
95	0.0300579	0
96	0.030057	0
97	0.0300562	0
98	0.0300553	0
99	0.0300545	0
100	0.0300537	0
101	0.0300528	0
102	0.030052	0
103	0.0300512	0
104	0.0300503	0
105	0.0300495	0
106	0.0300487	0
107	0.0300478	0
108	0.030047	0
109	0.0300462	0
110	0.0300454	0
111	0.0300445	0
112	0.0300437	0
113	0.0300429	0
114	0.0300421	0
115	0.0300412	0
116	0.0300404	0
117	0.0300396	0
118	0.0300388	0
119	0.030038	0
120	0.0300371	0
121	0.0300363	0
122	0.0300355	0
123	0.0300347	0
124	0.0300339	0
125	0.0300331	0
126	0.0300322	0
127	0.0300314	0
128	0.0300306	0
129	0.0300298	0
130	0.030029	0
131	0.0300282	0
132	0.0300274	0
133	0.0300266	0
134	0.0300258	0
135	0.030025	0
136	0.0300242	0
137	0.0300234	0
138	0.0300225	0
139	0.0300217	0
140	0.0300209	0
141	0.0300201	0
142	0.0300194	0
143	0.0300186	0
144	0.0300178	0
145	0.030017	0
146	0.0300162	0
147	0.0300154	0
148	0.0300146	0
149	0.0300138	0
150	0.030013	0
151	0.0300122	0
152	0.0300115	0
153	0.0300107	0
154	0.0300099	0
155	0.0300091	0
156	0.0300083	0
157	0.0300076	0
158	0.0300068	0
159	0.030006	0
160	0.0300053	0
161	0.0300045	0
162	0.0300037	0
163	0.030003	0
164	0.0300022	0
165	0.0300015	0
166	0.0300007	0
167	0.0299999	0
168	0.0299992	0
169	0.0299985	0
170	0.0299977	0
171	0.029997	0
172	0.0299962	0
173	0.0299955	0
174	0.0299948	0
175	0.029994	0
176	0.0299933	0
177	0.0299926	0
178	0.0299918	0
179	0.0299911	0
180	0.0299904	0
181	0.0299897	0
182	0.029989	0
183	0.0299883	0
184	0.0299876	0
185	0.0299869	0
186	0.0299862	0
187	0.0299855	0
188	0.0299848	0
189	0.0299841	0
190	0.0299834	0
191	0.0299827	0
192	0.029982	0
193	0.0299814	0
194	0.0299807	0
195	0.02998	0
196	0.0299794	0
197	0.0299787	0
198	0.0299781	0
199	0.0299774	0
200	0.0299768	0
201	0.0299761	0
202	0.0299755	0
203	0.0299748	0
204	0.0299742	0
205	0.0299736	0
206	0.0299729	0
207	0.0299723	0
208	0.0299717	0
209	0.0299711	0
210	0.0299705	0
211	0.0299699	0
212	0.0299693	0
213	0.0299687	0
214	0.0299681	0
215	0.0299675	0
216	0.0299669	0
217	0.0299663	0
218	0.0299657	0
219	0.0299652	0
220	0.0299646	0
221	0.029964	0
222	0.0299635	0
223	0.0299629	0
224	0.0299623	0
225	0.0299618	0
226	0.0299612	0
227	0.0299607	0
228	0.0299602	0
229	0.0299596	0
230	0.0299591	0
231	0.0299586	0
232	0.0299581	0
233	0.0299575	0
234	0.029957	0
235	0.0299565	0
236	0.029956	0
237	0.0299555	0
238	0.029955	0
239	0.0299545	0
240	0.029954	0
241	0.0299535	0
242	0.029953	0
243	0.0299526	0
244	0.0299521	0
245	0.0299516	0
246	0.0299511	0
247	0.0299507	0
248	0.0299502	0
249	0.0299497	0
250	0.0299493	0
251	0.0299488	0
252	0.0299484	0
253	0.0299479	0
254	0.0299475	0
255	0.0299471	0
256	0.0299466	0
257	0.0299462	0
258	0.0299458	0
259	0.0299453	0
260	0.0299449	0
261	0.0299445	0
262	0.0299441	0
263	0.0299437	0
264	0.0299432	0
265	0.0299428	0
266	0.0299424	0
267	0.029942	0
268	0.0299416	0
269	0.0299412	0
270	0.0299408	0
271	0.0299405	0
272	0.0299401	0
273	0.0299397	0
274	0.0299393	0
275	0.0299389	0
276	0.0299385	0
277	0.0299382	0
278	0.0299378	0
279	0.0299374	0
280	0.029937	0
281	0.0299367	0
282	0.0299363	0
283	0.029936	0
284	0.0299356	0
285	0.0299352	0
286	0.0299349	0
287	0.0299345	0
288	0.0299342	0
289	0.0299338	0
290	0.0299335	0
291	0.0299331	0
292	0.0299328	0
293	0.0299324	0
294	0.0299321	0
295	0.0299318	0
296	0.0299314	0
297	0.0299311	0
298	0.0299308	0
299	0.0299304	0
300	0.0299301	0
301	0.0299298	0
302	0.0299294	0
303	0.0299291	0
304	0.0299288	0
305	0.0299285	0
306	0.0299281	0
307	0.0299278	0
308	0.0299275	0
309	0.0299272	0
310	0.0299269	0
311	0.0299266	0
312	0.0299262	0
313	0.0299259	0
314	0.0299256	0
315	0.0299253	0
316	0.029925	0
317	0.0299247	0
318	0.0299244	0
319	0.0299241	0
320	0.0299238	0
321	0.0299234	0
322	0.0299231	0
323	0.0299228	0
324	0.0299225	0
325	0.0299222	0
326	0.0299219	0
327	0.0299216	0
328	0.0299213	0
329	0.029921	0
330	0.0299207	0
331	0.0299204	0
332	0.0299201	0
333	0.0299198	0
334	0.0299195	0
335	0.0299192	0
336	0.0299189	0
337	0.0299186	0
338	0.0299183	0
339	0.029918	0
340	0.0299177	0
341	0.0299174	0
342	0.0299171	0
343	0.0299168	0
344	0.0299165	0
345	0.0299162	0
346	0.029916	0
347	0.0299157	0
348	0.0299154	0
349	0.0299151	0
350	0.0299148	0
351	0.0299145	0
352	0.0299142	0
353	0.0299139	0
354	0.0299136	0
355	0.0299133	0
356	0.029913	0
357	0.0299127	0
358	0.0299124	0
359	0.0299121	0
360	0.0299118	0
361	0.0299115	0
362	0.0299112	0
363	0.0299109	0
364	0.0299106	0
365	0.0299103	0
366	0.02991	0
367	0.0299097	0
368	0.0299094	0
369	0.0299091	0
370	0.0299088	0
371	0.0299085	0
372	0.0299082	0
373	0.0299079	0
374	0.0299076	0
375	0.0299073	0
376	0.029907	0
377	0.0299067	0
378	0.0299064	0
379	0.0299061	0
380	0.0299057	0
381	0.0299054	0
382	0.0299051	0
383	0.0299048	0
384	0.0299045	0
385	0.0299042	0
386	0.0299039	0
387	0.0299036	0
388	0.0299033	0
389	0.0299029	0
390	0.0299026	0
391	0.0299023	0
392	0.029902	0
393	0.0299017	0
394	0.0299014	0
395	0.029901	0
396	0.0299007	0
397	0.0299004	0
398	0.0299001	0
399	0.0298997	0
400	0.0298994	0
401	0.0298991	0
402	0.0298988	0
403	0.0298984	0
404	0.0298981	0
405	0.0298978	0
406	0.0298974	0
407	0.0298971	0
408	0.0298968	0
409	0.0298964	0
410	0.0298961	0
411	0.0298958	0
412	0.0298954	0
413	0.0298951	0
414	0.0298947	0
415	0.0298944	0
416	0.0298941	0
417	0.0298937	0
418	0.0298934	0
419	0.029893	0
420	0.0298927	0
421	0.0298923	0
422	0.029892	0
423	0.0298916	0
424	0.0298913	0
425	0.0298909	0
426	0.0298905	0
427	0.0298902	0
428	0.0298898	0
429	0.0298895	0
430	0.0298891	0
431	0.0298887	0
432	0.0298884	0
433	0.029888	0
434	0.0298876	0
435	0.0298872	0
436	0.0298869	0
437	0.0298865	0
438	0.0298861	0
439	0.0298857	0
440	0.0298854	0
441	0.029885	0
442	0.0298846	0
443	0.0298842	0
444	0.0298838	0
445	0.0298834	0
446	0.0298831	0
447	0.0298827	0
448	0.0298823	0
449	0.0298819	0
450	0.0298815	0
451	0.0298811	0
452	0.0298807	0
453	0.0298803	0
454	0.0298799	0
455	0.0298795	0
456	0.029879	0
457	0.0298786	0
458	0.0298782	0
459	0.0298778	0
460	0.0298774	0
461	0.029877	0
462	0.0298766	0
463	0.0298761	0
464	0.0298757	0
465	0.0298753	0
466	0.0298749	0
467	0.0298744	0
468	0.029874	0
469	0.0298736	0
470	0.0298731	0
471	0.0298727	0
472	0.0298723	0
473	0.0298718	0
474	0.0298714	0
475	0.0298709	0
476	0.0298705	0
477	0.02987	0
478	0.0298696	0
479	0.0298691	0
480	0.0298687	0
481	0.0298682	0
482	0.0298677	0
483	0.0298673	0
484	0.0298668	0
485	0.0298663	0
486	0.0298659	0
487	0.0298654	0
488	0.0298649	0
489	0.0298645	0
490	0.029864	0
491	0.0298635	0
492	0.029863	0
493	0.0298625	0
494	0.029862	0
495	0.0298616	0
496	0.0298611	0
497	0.0298606	0
498	0.0298601	0
499	0.0298596	0
500	0.0298591	0
501	0.0298586	0
502	0.0298581	0
503	0.0298576	0
504	0.0298571	0
505	0.0298565	0
506	0.029856	0
507	0.0298555	0
508	0.029855	0
509	0.0298545	0
510	0.029854	0
511	0.0298534	0
512	0.0298529	0
513	0.0298524	0
514	0.0298518	0
515	0.0298513	0
516	0.0298508	0
517	0.0298502	0
518	0.0298497	0
519	0.0298491	0
520	0.0298486	0
521	0.029848	0
522	0.0298475	0
523	0.0298469	0
524	0.0298464	0
525	0.0298458	0
526	0.0298453	0
527	0.0298447	0
528	0.0298441	0
529	0.0298436	0
530	0.029843	0
531	0.0298424	0
532	0.0298419	0
533	0.0298413	0
534	0.0298407	0
535	0.0298401	0
536	0.0298395	0
537	0.029839	0
538	0.0298384	0
539	0.0298378	0
540	0.0298372	0
541	0.0298366	0
542	0.029836	0
543	0.0298354	0
544	0.0298348	0
545	0.0298342	0
546	0.0298336	0
547	0.029833	0
548	0.0298324	0
549	0.0298318	0
550	0.0298311	0
551	0.0298305	0
552	0.0298299	0
553	0.0298293	0
554	0.0298287	0
555	0.029828	0
556	0.0298274	0
557	0.0298268	0
558	0.0298261	0
559	0.0298255	0
560	0.0298249	0
561	0.0298242	0
562	0.0298236	0
563	0.0298229	0
564	0.0298223	0
565	0.0298216	0
566	0.029821	0
567	0.0298203	0
568	0.0298197	0
569	0.029819	0
570	0.0298184	0
571	0.0298177	0
572	0.029817	0
573	0.0298164	0
574	0.0298157	0
575	0.029815	0
576	0.0298144	0
577	0.0298137	0
578	0.029813	0
579	0.0298124	0
580	0.0298117	0
581	0.029811	0
582	0.0298103	0
583	0.0298096	0
584	0.0298089	0
585	0.0298082	0
586	0.0298076	0
587	0.0298069	0
588	0.0298062	0
589	0.0298055	0
590	0.0298048	0
591	0.0298041	0
592	0.0298034	0
593	0.0298027	0
594	0.029802	0
595	0.0298013	0
596	0.0298006	0
597	0.0297998	0
598	0.0297991	0
599	0.0297984	0
600	0.0297977	0
601	0.029797	0
602	0.0297963	0
603	0.0297956	0
604	0.0297948	0
605	0.0297941	0
606	0.0297934	0
607	0.0297927	0
608	0.0297919	0
609	0.0297912	0
610	0.0297905	0
611	0.0297897	0
612	0.029789	0
613	0.0297883	0
614	0.0297875	0
615	0.0297868	0
616	0.0297861	0
617	0.0297853	0
618	0.0297846	0
619	0.0297838	0
620	0.0297831	0
621	0.0297823	0
622	0.0297816	0
623	0.0297809	0
624	0.0297801	0
625	0.0297794	0
626	0.0297786	0
627	0.0297779	0
628	0.0297771	0
629	0.0297763	0
630	0.0297756	0
631	0.0297748	0
632	0.0297741	0
633	0.0297733	0
634	0.0297726	0
635	0.0297718	0
636	0.029771	0
637	0.0297703	0
638	0.0297695	0
639	0.0297688	0
640	0.029768	0
641	0.0297672	0
642	0.0297665	0
643	0.0297657	0
644	0.0297649	0
645	0.0297642	0
646	0.0297634	0
647	0.0297626	0
648	0.0297619	0
649	0.0297611	0
650	0.0297603	0
651	0.0297596	0
652	0.0297588	0
653	0.029758	0
654	0.0297572	0
655	0.0297565	0
656	0.0297557	0
657	0.0297549	0
658	0.0297542	0
659	0.0297534	0
660	0.0297526	0
661	0.0297518	0
662	0.0297511	0
663	0.0297503	0
664	0.0297495	0
665	0.0297487	0
666	0.029748	0
667	0.0297472	0
668	0.0297464	0
669	0.0297456	0
670	0.0297449	0
671	0.0297441	0
672	0.0297433	0
673	0.0297426	0
674	0.0297418	0
675	0.029741	0
676	0.0297402	0
677	0.0297395	0
678	0.0297387	0
679	0.0297379	0
680	0.0297372	0
681	0.0297364	0
682	0.0297356	0
683	0.0297348	0
684	0.0297341	0
685	0.0297333	0
686	0.0297325	0
687	0.0297318	0
688	0.029731	0
689	0.0297302	0
690	0.0297295	0
691	0.0297287	0
692	0.0297279	0
693	0.0297272	0
694	0.0297264	0
695	0.0297257	0
696	0.0297249	0
697	0.0297241	0
698	0.0297234	0
699	0.0297226	0
700	0.0297219	0
701	0.0297211	0
702	0.0297204	0
703	0.0297196	0
704	0.0297188	0
705	0.0297181	0
706	0.0297173	0
707	0.0297166	0
708	0.0297158	0
709	0.0297151	0
710	0.0297144	0
711	0.0297136	0
712	0.0297129	0
713	0.0297121	0
714	0.0297114	0
715	0.0297106	0
716	0.0297099	0
717	0.0297092	0
718	0.0297084	0
719	0.0297077	0
720	0.029707	0
721	0.0297062	0
722	0.0297055	0
723	0.0297048	0
724	0.029704	0
725	0.0297033	0
726	0.0297026	0
727	0.0297019	0
728	0.0297012	0
729	0.0297004	0
730	0.0296997	0
731	0.029699	0
732	0.0296983	0
733	0.0296976	0
734	0.0296969	0
735	0.0296962	0
736	0.0296955	0
737	0.0296947	0
738	0.029694	0
739	0.0296933	0
740	0.0296926	0
741	0.0296919	0
742	0.0296912	0
743	0.0296906	0
744	0.0296899	0
745	0.0296892	0
746	0.0296885	0
747	0.0296878	0
748	0.0296871	0
749	0.0296864	0
750	0.0296858	0
751	0.0296851	0
752	0.0296844	0
753	0.0296837	0
754	0.0296831	0
755	0.0296824	0
756	0.0296817	0
757	0.029681	0
758	0.0296804	0
759	0.0296797	0
760	0.0296791	0
761	0.0296784	0
762	0.0296777	0
763	0.0296771	0
764	0.0296764	0
765	0.0296758	0
766	0.0296751	0
767	0.0296745	0
768	0.0296739	0
769	0.0296732	0
770	0.0296726	0
771	0.0296719	0
772	0.0296713	0
773	0.0296707	0
774	0.0296701	0
775	0.0296694	0
776	0.0296688	0
777	0.0296682	0
778	0.0296676	0
779	0.0296669	0
780	0.0296663	0
781	0.0296657	0
782	0.0296651	0
783	0.0296645	0
784	0.0296639	0
785	0.0296633	0
786	0.0296627	0
787	0.0296621	0
788	0.0296615	0
789	0.0296609	0
790	0.0296603	0
791	0.0296597	0
792	0.0296591	0
793	0.0296585	0
794	0.0296579	0
795	0.0296573	0
796	0.0296568	0
797	0.0296562	0
798	0.0296556	0
799	0.029655	0
800	0.0296545	0
801	0.0296539	0
802	0.0296533	0
803	0.0296528	0
804	0.0296522	0
805	0.0296516	0
806	0.0296511	0
807	0.0296505	0
808	0.02965	0
809	0.0296494	0
810	0.0296489	0
811	0.0296483	0
812	0.0296478	0
813	0.0296472	0
814	0.0296467	0
815	0.0296461	0
816	0.0296456	0
817	0.0296451	0
818	0.0296445	0
819	0.029644	0
820	0.0296435	0
821	0.0296429	0
822	0.0296424	0
823	0.0296419	0
824	0.0296414	0
825	0.0296408	0
826	0.0296403	0
827	0.0296398	0
828	0.0296393	0
829	0.0296388	0
830	0.0296383	0
831	0.0296378	0
832	0.0296373	0
833	0.0296367	0
834	0.0296362	0
835	0.0296357	0
836	0.0296352	0
837	0.0296347	0
838	0.0296343	0
839	0.0296338	0
840	0.0296333	0
841	0.0296328	0
842	0.0296323	0
843	0.0296318	0
844	0.0296313	0
845	0.0296308	0
846	0.0296304	0
847	0.0296299	0
848	0.0296294	0
849	0.0296289	0
850	0.0296285	0
851	0.029628	0
852	0.0296275	0
853	0.029627	0
854	0.0296266	0
855	0.0296261	0
856	0.0296257	0
857	0.0296252	0
858	0.0296247	0
859	0.0296243	0
860	0.0296238	0
861	0.0296234	0
862	0.0296229	0
863	0.0296225	0
864	0.029622	0
865	0.0296216	0
866	0.0296211	0
867	0.0296207	0
868	0.0296202	0
869	0.0296198	0
870	0.0296193	0
871	0.0296189	0
872	0.0296185	0
873	0.029618	0
874	0.0296176	0
875	0.0296172	0
876	0.0296167	0
877	0.0296163	0
878	0.0296159	0
879	0.0296154	0
880	0.029615	0
881	0.0296146	0
882	0.0296142	0
883	0.0296137	0
884	0.0296133	0
885	0.0296129	0
886	0.0296125	0
887	0.0296121	0
888	0.0296117	0
889	0.0296112	0
890	0.0296108	0
891	0.0296104	0
892	0.02961	0
893	0.0296096	0
894	0.0296092	0
895	0.0296088	0
896	0.0296084	0
897	0.029608	0
898	0.0296076	0
899	0.0296072	0
900	0.0296068	0
901	0.0296064	0
902	0.029606	0
903	0.0296056	0
904	0.0296052	0
905	0.0296048	0
906	0.0296044	0
907	0.029604	0
908	0.0296036	0
909	0.0296032	0
910	0.0296028	0
911	0.0296025	0
912	0.0296021	0
913	0.0296017	0
914	0.0296013	0
915	0.0296009	0
916	0.0296005	0
917	0.0296001	0
918	0.0295998	0
919	0.0295994	0
920	0.029599	0
921	0.0295986	0
922	0.0295983	0
923	0.0295979	0
924	0.0295975	0
925	0.0295971	0
926	0.0295968	0
927	0.0295964	0
928	0.029596	0
929	0.0295957	0
930	0.0295953	0
931	0.0295949	0
932	0.0295946	0
933	0.0295942	0
934	0.0295938	0
935	0.0295935	0
936	0.0295931	0
937	0.0295927	0
938	0.0295924	0
939	0.029592	0
940	0.0295917	0
941	0.0295913	0
942	0.029591	0
943	0.0295906	0
944	0.0295902	0
945	0.0295899	0
946	0.0295895	0
947	0.0295892	0
948	0.0295888	0
949	0.0295885	0
950	0.0295881	0
951	0.0295878	0
952	0.0295874	0
953	0.0295871	0
954	0.0295867	0
955	0.0295864	0
956	0.029586	0
957	0.0295857	0
958	0.0295854	0
959	0.029585	0
960	0.0295847	0
961	0.0295843	0
962	0.029584	0
963	0.0295836	0
964	0.0295833	0
965	0.029583	0
966	0.0295826	0
967	0.0295823	0
968	0.029582	0
969	0.0295816	0
970	0.0295813	0
971	0.0295809	0
972	0.0295806	0
973	0.0295803	0
974	0.0295799	0
975	0.0295796	0
976	0.0295793	0
977	0.0295789	0
978	0.0295786	0
979	0.0295783	0
980	0.029578	0
981	0.0295776	0
982	0.0295773	0
983	0.029577	0
984	0.0295767	0
985	0.0295763	0
986	0.029576	0
987	0.0295757	0
988	0.0295754	0
989	0.029575	0
990	0.0295747	0
991	0.0295744	0
992	0.0295741	0
993	0.0295737	0
994	0.0295734	0
995	0.0295731	0
996	0.0295728	0
997	0.0295725	0
998	0.0295721	0
999	0.0295718	0
1000	0.0295715	0
