1	0.300216	0
2	0.291019	0
3	0.283129	0
4	0.27658	0
5	0.271299	0
6	0.267138	0
7	0.263915	0
8	0.261448	0
9	0.259569	0
10	0.258138	0
11	0.257044	0
12	0.256197	0
13	0.255533	0
14	0.255001	0
15	0.254565	0
16	0.254199	0
17	0.253883	0
18	0.253603	0
19	0.25335	0
20	0.253116	0
21	0.252897	0
22	0.252687	0
23	0.252486	0
24	0.252291	0
25	0.2521	0
26	0.251912	0
27	0.251728	0
28	0.251545	0
29	0.251365	0
30	0.251187	0
31	0.251009	0
32	0.250833	0
33	0.250659	0
34	0.250485	0
35	0.250312	0
36	0.25014	0
37	0.249969	0
38	0.249798	0
39	0.249629	0
40	0.249459	0
41	0.249291	0
42	0.249123	0
43	0.248955	0
44	0.248788	0
45	0.248622	0
46	0.248456	0
47	0.24829	0
48	0.248124	0
49	0.247959	0
50	0.247794	0
51	0.24763	0
52	0.247465	0
53	0.247301	0
54	0.247137	0
55	0.246972	0
56	0.246808	0
57	0.246644	0
58	0.24648	0
59	0.246316	0
60	0.246152	0
61	0.245988	0
62	0.245823	0
63	0.245659	0
64	0.245494	0
65	0.245329	0
66	0.245164	0
67	0.244998	0
68	0.244833	0
69	0.244667	0
70	0.2445	0
71	0.244333	0
72	0.244166	0
73	0.243999	0
74	0.243831	0
75	0.243662	0
76	0.243493	0
77	0.243323	0
78	0.243153	0
79	0.242983	0
80	0.242811	0
81	0.242639	0
82	0.242467	0
83	0.242293	0
84	0.242119	0
85	0.241945	0
86	0.241769	0
87	0.241593	0
88	0.241416	0
89	0.241238	0
90	0.241059	0
91	0.240879	0
92	0.240699	0
93	0.240517	0
94	0.240335	0
95	0.240152	0
96	0.239967	0
97	0.239782	0
98	0.239595	0
99	0.239408	0
100	0.239219	0
101	0.239029	0
102	0.238838	0
103	0.238646	0
104	0.238453	0
105	0.238259	0
106	0.238063	0
107	0.237866	0
108	0.237668	0
109	0.237468	0
110	0.237268	0
111	0.237065	0
112	0.236862	0
113	0.236657	0
114	0.236451	0
115	0.236243	0
116	0.236034	0
117	0.235823	0
118	0.235611	0
119	0.235397	0
120	0.235181	0
121	0.234965	0
122	0.234746	0
123	0.234526	0
124	0.234304	0
125	0.234081	0
126	0.233856	0
127	0.233629	0
128	0.2334	0
129	0.23317	0
130	0.232938	0
131	0.232704	0
132	0.232468	0
133	0.232231	0
134	0.231991	0
135	0.23175	0
136	0.231507	0
137	0.231262	0
138	0.231015	0
139	0.230766	0
140	0.230514	0
141	0.230261	0
142	0.230006	0
143	0.229749	0
144	0.22949	0
145	0.229228	0
146	0.228965	0
147	0.228699	0
148	0.228431	0
149	0.228161	0
150	0.227889	0
151	0.227615	0
152	0.227338	0
153	0.227059	0
154	0.226777	0
155	0.226494	0
156	0.226208	0
157	0.22592	0
158	0.225629	0
159	0.225336	0
160	0.22504	0
161	0.224742	0
162	0.224442	0
163	0.224139	0
164	0.223834	0
165	0.223526	0
166	0.223215	0
167	0.222902	0
168	0.222587	0
169	0.222268	0
170	0.221948	0
171	0.221624	0
172	0.221298	0
173	0.220969	0
174	0.220638	0
175	0.220304	0
176	0.219967	0
177	0.219627	0
178	0.219285	0
179	0.21894	0
180	0.218592	0
181	0.218241	0
182	0.217888	0
183	0.217531	0
184	0.217172	0
185	0.21681	0
186	0.216445	0
187	0.216078	0
188	0.215707	0
189	0.215333	0
190	0.214957	0
191	0.214577	0
192	0.214195	0
193	0.213809	0
194	0.213421	0
195	0.213029	0
196	0.212635	0
197	0.212237	0
198	0.211837	0
199	0.211433	0
200	0.211027	0
201	0.210617	0
202	0.210205	0
203	0.209789	0
204	0.20937	0
205	0.208948	0
206	0.208523	0
207	0.208095	0
208	0.207664	0
209	0.207229	0
210	0.206792	0
211	0.206351	0
212	0.205908	0
213	0.205461	0
214	0.205011	0
215	0.204558	0
216	0.204102	0
217	0.203642	0
218	0.20318	0
219	0.202714	0
220	0.202245	0
221	0.201773	0
222	0.201298	0
223	0.20082	0
224	0.200338	0
225	0.199854	0
226	0.199366	0
227	0.198876	0
228	0.198382	0
229	0.197885	0
230	0.197385	0
231	0.196881	0
232	0.196375	0
233	0.195866	0
234	0.195353	0
235	0.194838	0
236	0.194319	0
237	0.193798	0
238	0.193273	0
239	0.192745	0
240	0.192215	0
241	0.191681	0
242	0.191144	0
243	0.190605	0
244	0.190062	0
245	0.189517	0
246	0.188968	0
247	0.188417	0
248	0.187863	0
249	0.187306	0
250	0.186746	0
251	0.186183	0
252	0.185618	0
253	0.18505	0
254	0.184479	0
255	0.183905	0
256	0.183329	0
257	0.182749	0
258	0.182168	0
259	0.181583	0
260	0.180997	0
261	0.180407	0
262	0.179815	0
263	0.179221	0
264	0.178624	0
265	0.178024	0
266	0.177423	0
267	0.176818	0
268	0.176212	0
269	0.175603	0
270	0.174992	0
271	0.174379	0
272	0.173763	0
273	0.173146	0
274	0.172526	0
275	0.171904	0
276	0.17128	0
277	0.170654	0
278	0.170027	0
279	0.169397	0
280	0.168765	0
281	0.168132	0
282	0.167497	0
283	0.16686	0
284	0.166221	0
285	0.165581	0
286	0.164939	0
287	0.164295	0
288	0.16365	0
289	0.163004	0
290	0.162356	0
291	0.161707	0
292	0.161056	0
293	0.160404	0
294	0.159751	0
295	0.159097	0
296	0.158441	0
297	0.157785	0
298	0.157127	0
299	0.156469	0
300	0.155809	0
301	0.155149	0
302	0.154488	0
303	0.153826	0
304	0.153163	0
305	0.1525	0
306	0.151836	0
307	0.151171	0
308	0.150506	0
309	0.149841	0
310	0.149175	0
311	0.148509	0
312	0.147842	0
313	0.147176	0
314	0.146509	0
315	0.145842	0
316	0.145174	0
317	0.144507	0
318	0.14384	0
319	0.143173	0
320	0.142506	0
321	0.141839	0
322	0.141172	0
323	0.140506	0
324	0.13984	0
325	0.139175	0
326	0.138509	0
327	0.137845	0
328	0.137181	0
329	0.136517	0
330	0.135854	0
331	0.135192	0
332	0.134531	0
333	0.13387	0
334	0.13321	0
335	0.132551	0
336	0.131893	0
337	0.131236	0
338	0.13058	0
339	0.129925	0
340	0.129272	0
341	0.128619	0
342	0.127968	0
343	0.127317	0
344	0.126669	0
345	0.126021	0
346	0.125375	0
347	0.12473	0
348	0.124087	0
349	0.123445	0
350	0.122805	0
351	0.122167	0
352	0.12153	0
353	0.120895	0
354	0.120261	0
355	0.119629	0
356	0.119	0
357	0.118371	0
358	0.117745	0
359	0.117121	0
360	0.116498	0
361	0.115878	0
362	0.115259	0
363	0.114643	0
364	0.114028	0
365	0.113416	0
366	0.112806	0
367	0.112198	0
368	0.111592	0
369	0.110988	0
370	0.110387	0
371	0.109788	0
372	0.109191	0
373	0.108596	0
374	0.108004	0
375	0.107414	0
376	0.106827	0
377	0.106242	0
378	0.105659	0
379	0.105079	0
380	0.104501	0
381	0.103926	0
382	0.103353	0
383	0.102783	0
384	0.102215	0
385	0.10165	0
386	0.101087	0
387	0.100527	0
388	0.0999697	0
389	0.0994149	0
390	0.0988628	0
391	0.0983133	0
392	0.0977665	0
393	0.0972223	0
394	0.0966808	0
395	0.096142	0
396	0.0956059	0
397	0.0950725	0
398	0.0945418	0
399	0.0940139	0
400	0.0934886	0
401	0.0929662	0
402	0.0924464	0
403	0.0919294	0
404	0.0914152	0
405	0.0909037	0
406	0.090395	0
407	0.0898891	0
408	0.0893859	0
409	0.0888855	0
410	0.0883879	0
411	0.0878931	0
412	0.087401	0
413	0.0869117	0
414	0.0864252	0
415	0.0859415	0
416	0.0854606	0
417	0.0849824	0
418	0.084507	0
419	0.0840344	0
420	0.0835646	0
421	0.0830975	0
422	0.0826332	0
423	0.0821717	0
424	0.0817129	0
425	0.0812569	0
426	0.0808036	0
427	0.0803531	0
428	0.0799053	0
429	0.0794602	0
430	0.0790179	0
431	0.0785783	0
432	0.0781414	0
433	0.0777072	0
434	0.0772758	0
435	0.076847	0
436	0.0764209	0
437	0.0759975	0
438	0.0755767	0
439	0.0751587	0
440	0.0747432	0
441	0.0743305	0
442	0.0739203	0
443	0.0735128	0
444	0.0731079	0
445	0.0727056	0
446	0.0723059	0
447	0.0719088	0
448	0.0715143	0
449	0.0711223	0
450	0.0707329	0
451	0.0703461	0
452	0.0699617	0
453	0.0695799	0
454	0.0692006	0
455	0.0688238	0
456	0.0684495	0
457	0.0680777	0
458	0.0677084	0
459	0.0673415	0
460	0.066977	0
461	0.066615	0
462	0.0662553	0
463	0.0658981	0
464	0.0655433	0
465	0.0651909	0
466	0.0648408	0
467	0.0644931	0
468	0.0641477	0
469	0.0638047	0
470	0.0634639	0
471	0.0631255	0
472	0.0627894	0
473	0.0624555	0
474	0.0621239	0
475	0.0617946	0
476	0.0614674	0
477	0.0611426	0
478	0.0608199	0
479	0.0604994	0
480	0.0601811	0
481	0.059865	0
482	0.0595511	0
483	0.0592392	0
484	0.0589296	0
485	0.058622	0
486	0.0583165	0
487	0.0580132	0
488	0.0577119	0
489	0.0574127	0
490	0.0571155	0
491	0.0568204	0
492	0.0565273	0
493	0.0562362	0
494	0.0559471	0
495	0.05566	0
496	0.0553748	0
497	0.0550917	0
498	0.0548104	0
499	0.0545311	0
500	0.0542538	0
501	0.0539783	0
502	0.0537047	0
503	0.053433	0
504	0.0531632	0
505	0.0528952	0
506	0.0526291	0
507	0.0523648	0
508	0.0521023	0
509	0.0518416	0
510	0.0515827	0
511	0.0513256	0
512	0.0510702	0
513	0.0508166	0
514	0.0505648	0
515	0.0503147	0
516	0.0500662	0
517	0.0498195	0
518	0.0495745	0
519	0.0493312	0
520	0.0490895	0
521	0.0488495	0
522	0.0486111	0
523	0.0483743	0
524	0.0481392	0
525	0.0479057	0
526	0.0476737	0
527	0.0474434	0
528	0.0472146	0
529	0.0469874	0
530	0.0467617	0
531	0.0465376	0
532	0.046315	0
533	0.0460939	0
534	0.0458743	0
535	0.0456562	0
536	0.0454395	0
537	0.0452244	0
538	0.0450107	0
539	0.0447984	0
540	0.0445876	0
541	0.0443782	0
542	0.0441702	0
543	0.0439636	0
544	0.0437584	0
545	0.0435546	0
546	0.0433522	0
547	0.0431511	0
548	0.0429514	0
549	0.042753	0
550	0.042556	0
551	0.0423602	0
552	0.0421658	0
553	0.0419727	0
554	0.0417808	0
555	0.0415903	0
556	0.041401	0
557	0.041213	0
558	0.0410262	0
559	0.0408406	0
560	0.0406563	0
561	0.0404732	0
562	0.0402914	0
563	0.0401107	0
564	0.0399312	0
565	0.0397529	0
566	0.0395758	0
567	0.0393999	0
568	0.0392251	0
569	0.0390514	0
570	0.0388789	0
571	0.0387076	0
572	0.0385373	0
573	0.0383682	0
574	0.0382001	0
575	0.0380332	0
576	0.0378673	0
577	0.0377026	0
578	0.0375389	0
579	0.0373762	0
580	0.0372146	0
581	0.0370541	0
582	0.0368946	0
583	0.0367361	0
584	0.0365787	0
585	0.0364222	0
586	0.0362668	0
587	0.0361124	0
588	0.0359589	0
589	0.0358065	0
590	0.035655	0
591	0.0355045	0
592	0.0353549	0
593	0.0352063	0
594	0.0350587	0
595	0.0349119	0
596	0.0347662	0
597	0.0346213	0
598	0.0344773	0
599	0.0343343	0
600	0.0341922	0
601	0.0340509	0
602	0.0339106	0
603	0.0337711	0
604	0.0336325	0
605	0.0334948	0
606	0.0333579	0
607	0.0332219	0
608	0.0330868	0
609	0.0329525	0
610	0.032819	0
611	0.0326863	0
612	0.0325545	0
613	0.0324235	0
614	0.0322933	0
615	0.0321639	0
616	0.0320353	0
617	0.0319075	0
618	0.0317804	0
619	0.0316542	0
620	0.0315287	0
621	0.031404	0
622	0.0312801	0
623	0.0311569	0
624	0.0310345	0
625	0.0309128	0
626	0.0307918	0
627	0.0306716	0
628	0.0305521	0
629	0.0304334	0
630	0.0303153	0
631	0.030198	0
632	0.0300813	0
633	0.0299654	0
634	0.0298502	0
635	0.0297356	0
636	0.0296218	0
637	0.0295086	0
638	0.0293961	0
639	0.0292843	0
640	0.0291731	0
641	0.0290626	0
642	0.0289527	0
643	0.0288435	0
644	0.028735	0
645	0.028627	0
646	0.0285198	0
647	0.0284131	0
648	0.0283071	0
649	0.0282017	0
650	0.0280969	0
651	0.0279927	0
652	0.0278891	0
653	0.0277862	0
654	0.0276838	0
655	0.027582	0
656	0.0274808	0
657	0.0273802	0
658	0.0272802	0
659	0.0271808	0
660	0.0270819	0
661	0.0269836	0
662	0.0268859	0
663	0.0267887	0
664	0.0266921	0
665	0.026596	0
666	0.0265005	0
667	0.0264055	0
668	0.0263111	0
669	0.0262172	0
670	0.0261238	0
671	0.026031	0
672	0.0259386	0
673	0.0258468	0
674	0.0257556	0
675	0.0256648	0
676	0.0255745	0
677	0.0254848	0
678	0.0253955	0
679	0.0253068	0
680	0.0252185	0
681	0.0251308	0
682	0.0250435	0
683	0.0249567	0
684	0.0248704	0
685	0.0247845	0
686	0.0246992	0
687	0.0246143	0
688	0.0245299	0
689	0.0244459	0
690	0.0243624	0
691	0.0242794	0
692	0.0241968	0
693	0.0241146	0
694	0.0240329	0
695	0.0239517	0
696	0.0238709	0
697	0.0237905	0
698	0.0237106	0
699	0.0236311	0
700	0.023552	0
701	0.0234734	0
702	0.0233951	0
703	0.0233173	0
704	0.02324	0
705	0.023163	0
706	0.0230864	0
707	0.0230103	0
708	0.0229345	0
709	0.0228592	0
710	0.0227842	0
711	0.0227097	0
712	0.0226355	0
713	0.0225618	0
714	0.0224884	0
715	0.0224154	0
716	0.0223428	0
717	0.0222706	0
718	0.0221987	0
719	0.0221273	0
720	0.0220562	0
721	0.0219854	0
722	0.0219151	0
723	0.0218451	0
724	0.0217755	0
725	0.0217062	0
726	0.0216373	0
727	0.0215687	0
728	0.0215005	0
729	0.0214327	0
730	0.0213652	0
731	0.021298	0
732	0.0212312	0
733	0.0211647	0
734	0.0210986	0
735	0.0210328	0
736	0.0209673	0
737	0.0209022	0
738	0.0208374	0
739	0.0207729	0
740	0.0207088	0
741	0.020645	0
742	0.0205815	0
743	0.0205183	0
744	0.0204554	0
745	0.0203929	0
746	0.0203306	0
747	0.0202687	0
748	0.0202071	0
749	0.0201458	0
750	0.0200848	0
751	0.0200241	0
752	0.0199637	0
753	0.0199036	0
754	0.0198438	0
755	0.0197843	0
756	0.019725	0
757	0.0196661	0
758	0.0196075	0
759	0.0195491	0
760	0.0194911	0
761	0.0194333	0
762	0.0193758	0
763	0.0193185	0
764	0.0192616	0
765	0.0192049	0
766	0.0191485	0
767	0.0190924	0
768	0.0190366	0
769	0.018981	0
770	0.0189257	0
771	0.0188706	0
772	0.0188159	0
773	0.0187613	0
774	0.0187071	0
775	0.0186531	0
776	0.0185993	0
777	0.0185458	0
778	0.0184926	0
779	0.0184396	0
780	0.0183869	0
781	0.0183344	0
782	0.0182822	0
783	0.0182302	0
784	0.0181785	0
785	0.018127	0
786	0.0180757	0
787	0.0180247	0
788	0.0179739	0
789	0.0179234	0
790	0.017873	0
791	0.017823	0
792	0.0177731	0
793	0.0177235	0
794	0.0176741	0
795	0.017625	0
796	0.0175761	0
797	0.0175274	0
798	0.0174789	0
799	0.0174306	0
800	0.0173826	0
801	0.0173348	0
802	0.0172872	0
803	0.0172398	0
804	0.0171927	0
805	0.0171457	0
806	0.017099	0
807	0.0170525	0
808	0.0170062	0
809	0.0169601	0
810	0.0169142	0
811	0.0168685	0
812	0.016823	0
813	0.0167777	0
814	0.0167327	0
815	0.0166878	0
816	0.0166431	0
817	0.0165986	0
818	0.0165544	0
819	0.0165103	0
820	0.0164664	0
821	0.0164227	0
822	0.0163792	0
823	0.0163359	0
824	0.0162928	0
825	0.0162499	0
826	0.0162072	0
827	0.0161647	0
828	0.0161223	0
829	0.0160801	0
830	0.0160382	0
831	0.0159964	0
832	0.0159547	0
833	0.0159133	0
834	0.015872	0
835	0.015831	0
836	0.0157901	0
837	0.0157494	0
838	0.0157088	0
839	0.0156684	0
840	0.0156282	0
841	0.0155882	0
842	0.0155484	0
843	0.0155087	0
844	0.0154692	0
845	0.0154298	0
846	0.0153907	0
847	0.0153517	0
848	0.0153128	0
849	0.0152741	0
850	0.0152356	0
851	0.0151973	0
852	0.0151591	0
853	0.0151211	0
854	0.0150832	0
855	0.0150455	0
856	0.0150079	0
857	0.0149706	0
858	0.0149333	0
859	0.0148963	0
860	0.0148593	0
861	0.0148226	0
862	0.014786	0
863	0.0147495	0
864	0.0147132	0
865	0.014677	0
866	0.014641	0
867	0.0146052	0
868	0.0145694	0
869	0.0145339	0
870	0.0144985	0
871	0.0144632	0
872	0.0144281	0
873	0.0143931	0
874	0.0143582	0
875	0.0143235	0
876	0.014289	0
877	0.0142546	0
878	0.0142203	0
879	0.0141861	0
880	0.0141522	0
881	0.0141183	0
882	0.0140846	0
883	0.014051	0
884	0.0140175	0
885	0.0139842	0
886	0.013951	0
887	0.013918	0
888	0.0138851	0
889	0.0138523	0
890	0.0138196	0
891	0.0137871	0
892	0.0137547	0
893	0.0137224	0
894	0.0136903	0
895	0.0136583	0
896	0.0136264	0
897	0.0135947	0
898	0.013563	0
899	0.0135315	0
900	0.0135001	0
901	0.0134689	0
902	0.0134377	0
903	0.0134067	0
904	0.0133758	0
905	0.0133451	0
906	0.0133144	0
907	0.0132839	0
908	0.0132535	0
909	0.0132232	0
910	0.013193	0
911	0.0131629	0
912	0.013133	0
913	0.0131032	0
914	0.0130735	0
915	0.0130439	0
916	0.0130144	0
917	0.012985	0
918	0.0129557	0
919	0.0129266	0
920	0.0128976	0
921	0.0128686	0
922	0.0128398	0
923	0.0128111	0
924	0.0127825	0
925	0.012754	0
926	0.0127257	0
927	0.0126974	0
928	0.0126692	0
929	0.0126412	0
930	0.0126132	0
931	0.0125854	0
932	0.0125577	0
933	0.01253	0
934	0.0125025	0
935	0.0124751	0
936	0.0124477	0
937	0.0124205	0
938	0.0123934	0
939	0.0123664	0
940	0.0123394	0
941	0.0123126	0
942	0.0122859	0
943	0.0122593	0
944	0.0122328	0
945	0.0122063	0
946	0.01218	0
947	0.0121538	0
948	0.0121276	0
949	0.0121016	0
950	0.0120757	0
951	0.0120498	0
952	0.0120241	0
953	0.0119984	0
954	0.0119728	0
955	0.0119474	0
956	0.011922	0
957	0.0118967	0
958	0.0118715	0
959	0.0118464	0
960	0.0118214	0
961	0.0117965	0
962	0.0117716	0
963	0.0117469	0
964	0.0117222	0
965	0.0116977	0
966	0.0116732	0
967	0.0116488	0
968	0.0116245	0
969	0.0116003	0
970	0.0115762	0
971	0.0115521	0
972	0.0115282	0
973	0.0115043	0
974	0.0114805	0
975	0.0114568	0
976	0.0114332	0
977	0.0114097	0
978	0.0113862	0
979	0.0113628	0
980	0.0113395	0
981	0.0113163	0
982	0.0112932	0
983	0.0112702	0
984	0.0112472	0
985	0.0112243	0
986	0.0112015	0
987	0.0111788	0
988	0.0111562	0
989	0.0111336	0
990	0.0111111	0
991	0.0110887	0
992	0.0110664	0
993	0.0110441	0
994	0.011022	0
995	0.0109999	0
996	0.0109778	0
997	0.0109559	0
998	0.010934	0
999	0.0109122	0
1000	0.0108905	0
