1	0.0303846	0
2	0.0303839	0
3	0.0303831	0
4	0.0303824	0
5	0.0303816	0
6	0.0303809	0
7	0.0303803	0
8	0.0303796	0
9	0.030379	0
10	0.0303785	0
11	0.0303779	0
12	0.0303774	0
13	0.0303769	0
14	0.0303764	0
15	0.0303759	0
16	0.0303755	0
17	0.030375	0
18	0.0303746	0
19	0.0303742	0
20	0.0303739	0
21	0.0303735	0
22	0.0303731	0
23	0.0303728	0
24	0.0303725	0
25	0.0303722	0
26	0.0303719	0
27	0.0303716	0
28	0.0303713	0
29	0.030371	0
30	0.0303708	0
31	0.0303705	0
32	0.0303703	0
33	0.03037	0
34	0.0303698	0
35	0.0303696	0
36	0.0303694	0
37	0.0303692	0
38	0.030369	0
39	0.0303688	0
40	0.0303686	0
41	0.0303684	0
42	0.0303682	0
43	0.0303681	0
44	0.0303679	0
45	0.0303677	0
46	0.0303676	0
47	0.0303674	0
48	0.0303673	0
49	0.0303672	0
50	0.030367	0
51	0.0303669	0
52	0.0303668	0
53	0.0303666	0
54	0.0303665	0
55	0.0303664	0
56	0.0303663	0
57	0.0303662	0
58	0.0303661	0
59	0.0303659	0
60	0.0303658	0
61	0.0303657	0
62	0.0303656	0
63	0.0303655	0
64	0.0303654	0
65	0.0303654	0
66	0.0303653	0
67	0.0303652	0
68	0.0303651	0
69	0.030365	0
70	0.0303649	0
71	0.0303648	0
72	0.0303647	0
73	0.0303647	0
74	0.0303646	0
75	0.0303645	0
76	0.0303644	0
77	0.0303643	0
78	0.0303643	0
79	0.0303642	0
80	0.0303641	0
81	0.0303641	0
82	0.030364	0
83	0.0303639	0
84	0.0303638	0
85	0.0303638	0
86	0.0303637	0
87	0.0303636	0
88	0.0303636	0
89	0.0303635	0
90	0.0303634	0
91	0.0303633	0
92	0.0303633	0
93	0.0303632	0
94	0.0303631	0
95	0.0303631	0
96	0.030363	0
97	0.0303629	0
98	0.0303629	0
99	0.0303628	0
100	0.0303627	0
101	0.0303626	0
102	0.0303626	0
103	0.0303625	0
104	0.0303624	0
105	0.0303624	0
106	0.0303623	0
107	0.0303622	0
108	0.0303621	0
109	0.0303621	0
110	0.030362	0
111	0.0303619	0
112	0.0303618	0
113	0.0303617	0
114	0.0303617	0
115	0.0303616	0
116	0.0303615	0
117	0.0303614	0
118	0.0303613	0
119	0.0303612	0
120	0.0303612	0
121	0.0303611	0
122	0.030361	0
123	0.0303609	0
124	0.0303608	0
125	0.0303607	0
126	0.0303606	0
127	0.0303605	0
128	0.0303604	0
129	0.0303603	0
130	0.0303602	0
131	0.0303601	0
132	0.03036	0
133	0.0303599	0
134	0.0303597	0
135	0.0303596	0
136	0.0303595	0
137	0.0303594	0
138	0.0303593	0
139	0.0303591	0
140	0.030359	0
141	0.0303589	0
142	0.0303587	0
143	0.0303586	0
144	0.0303585	0
145	0.0303583	0
146	0.0303582	0
147	0.030358	0
148	0.0303579	0
149	0.0303577	0
150	0.0303576	0
151	0.0303574	0
152	0.0303572	0
153	0.0303571	0
154	0.0303569	0
155	0.0303567	0
156	0.0303565	0
157	0.0303564	0
158	0.0303562	0
159	0.030356	0
160	0.0303558	0
161	0.0303556	0
162	0.0303554	0
163	0.0303552	0
164	0.0303549	0
165	0.0303547	0
166	0.0303545	0
167	0.0303543	0
168	0.030354	0
169	0.0303538	0
170	0.0303535	0
171	0.0303533	0
172	0.030353	0
173	0.0303527	0
174	0.0303525	0
175	0.0303522	0
176	0.0303519	0
177	0.0303516	0
178	0.0303513	0
179	0.030351	0
180	0.0303507	0
181	0.0303504	0
182	0.03035	0
183	0.0303497	0
184	0.0303493	0
185	0.030349	0
186	0.0303486	0
187	0.0303483	0
188	0.0303479	0
189	0.0303475	0
190	0.0303471	0
191	0.0303467	0
192	0.0303463	0
193	0.0303458	0
194	0.0303454	0
195	0.030345	0
196	0.0303445	0
197	0.030344	0
198	0.0303436	0
199	0.0303431	0
200	0.0303426	0
201	0.030342	0
202	0.0303415	0
203	0.030341	0
204	0.0303404	0
205	0.0303399	0
206	0.0303393	0
207	0.0303387	0
208	0.0303381	0
209	0.0303375	0
210	0.0303368	0
211	0.0303362	0
212	0.0303355	0
213	0.0303348	0
214	0.0303341	0
215	0.0303334	0
216	0.0303327	0
217	0.0303319	0
218	0.0303312	0
219	0.0303304	0
220	0.0303296	0
221	0.0303287	0
222	0.0303279	0
223	0.0303271	0
224	0.0303262	0
225	0.0303253	0
226	0.0303244	0
227	0.0303234	0
228	0.0303225	0
229	0.0303215	0
230	0.0303205	0
231	0.0303194	0
232	0.0303184	0
233	0.0303173	0
234	0.0303162	0
235	0.0303151	0
236	0.030314	0
237	0.0303128	0
238	0.0303116	0
239	0.0303104	0
240	0.0303092	0
241	0.0303079	0
242	0.0303066	0
243	0.0303053	0
244	0.030304	0
245	0.0303026	0
246	0.0303013	0
247	0.0302999	0
248	0.0302984	0
249	0.030297	0
250	0.0302955	0
251	0.030294	0
252	0.0302925	0
253	0.030291	0
254	0.0302894	0
255	0.0302878	0
256	0.0302862	0
257	0.0302846	0
258	0.030283	0
259	0.0302813	0
260	0.0302797	0
261	0.030278	0
262	0.0302763	0
263	0.0302746	0
264	0.0302729	0
265	0.0302712	0
266	0.0302694	0
267	0.0302677	0
268	0.030266	0
269	0.0302642	0
270	0.0302625	0
271	0.0302607	0
272	0.030259	0
273	0.0302573	0
274	0.0302556	0
275	0.0302538	0
276	0.0302521	0
277	0.0302505	0
278	0.0302488	0
279	0.0302471	0
280	0.0302455	0
281	0.0302439	0
282	0.0302423	0
283	0.0302407	0
284	0.0302392	0
285	0.0302377	0
286	0.0302362	0
287	0.0302347	0
288	0.0302333	0
289	0.0302319	0
290	0.0302306	0
291	0.0302292	0
292	0.0302279	0
293	0.0302267	0
294	0.0302255	0
295	0.0302243	0
296	0.0302232	0
297	0.0302221	0
298	0.030221	0
299	0.03022	0
300	0.030219	0
301	0.030218	0
302	0.0302171	0
303	0.0302162	0
304	0.0302154	0
305	0.0302145	0
306	0.0302138	0
307	0.030213	0
308	0.0302123	0
309	0.0302116	0
310	0.0302109	0
311	0.0302103	0
312	0.0302097	0
313	0.0302091	0
314	0.0302086	0
315	0.0302081	0
316	0.0302076	0
317	0.0302071	0
318	0.0302066	0
319	0.0302062	0
320	0.0302058	0
321	0.0302054	0
322	0.0302051	0
323	0.0302047	0
324	0.0302044	0
325	0.030204	0
326	0.0302037	0
327	0.0302035	0
328	0.0302032	0
329	0.0302029	0
330	0.0302027	0
331	0.0302024	0
332	0.0302022	0
333	0.030202	0
334	0.0302018	0
335	0.0302016	0
336	0.0302014	0
337	0.0302012	0
338	0.0302011	0
339	0.0302009	0
340	0.0302007	0
341	0.0302006	0
342	0.0302005	0
343	0.0302003	0
344	0.0302002	0
345	0.0302001	0
346	0.0302	0
347	0.0301998	0
348	0.0301997	0
349	0.0301996	0
350	0.0301995	0
351	0.0301994	0
352	0.0301993	0
353	0.0301993	0
354	0.0301992	0
355	0.0301991	0
356	0.030199	0
357	0.0301989	0
358	0.0301989	0
359	0.0301988	0
360	0.0301987	0
361	0.0301987	0
362	0.0301986	0
363	0.0301985	0
364	0.0301985	0
365	0.0301984	0
366	0.0301984	0
367	0.0301983	0
368	0.0301983	0
369	0.0301982	0
370	0.0301982	0
371	0.0301981	0
372	0.0301981	0
373	0.030198	0
374	0.030198	0
375	0.0301979	0
376	0.0301979	0
377	0.0301979	0
378	0.0301978	0
379	0.0301978	0
380	0.0301977	0
381	0.0301977	0
382	0.0301977	0
383	0.0301976	0
384	0.0301976	0
385	0.0301976	0
386	0.0301975	0
387	0.0301975	0
388	0.0301975	0
389	0.0301975	0
390	0.0301974	0
391	0.0301974	0
392	0.0301974	0
393	0.0301973	0
394	0.0301973	0
395	0.0301973	0
396	0.0301973	0
397	0.0301972	0
398	0.0301972	0
399	0.0301972	0
400	0.0301972	0
401	0.0301971	0
402	0.0301971	0
403	0.0301971	0
404	0.0301971	0
405	0.030197	0
406	0.030197	0
407	0.030197	0
408	0.030197	0
409	0.030197	0
410	0.0301969	0
411	0.0301969	0
412	0.0301969	0
413	0.0301969	0
414	0.0301969	0
415	0.0301968	0
416	0.0301968	0
417	0.0301968	0
418	0.0301968	0
419	0.0301968	0
420	0.0301967	0
421	0.0301967	0
422	0.0301967	0
423	0.0301967	0
424	0.0301967	0
425	0.0301967	0
426	0.0301966	0
427	0.0301966	0
428	0.0301966	0
429	0.0301966	0
430	0.0301966	0
431	0.0301965	0
432	0.0301965	0
433	0.0301965	0
434	0.0301965	0
435	0.0301965	0
436	0.0301965	0
437	0.0301964	0
438	0.0301964	0
439	0.0301964	0
440	0.0301964	0
441	0.0301964	0
442	0.0301964	0
443	0.0301963	0
444	0.0301963	0
445	0.0301963	0
446	0.0301963	0
447	0.0301963	0
448	0.0301963	0
449	0.0301962	0
450	0.0301962	0
451	0.0301962	0
452	0.0301962	0
453	0.0301962	0
454	0.0301962	0
455	0.0301962	0
456	0.0301961	0
457	0.0301961	0
458	0.0301961	0
459	0.0301961	0
460	0.0301961	0
461	0.0301961	0
462	0.030196	0
463	0.030196	0
464	0.030196	0
465	0.030196	0
466	0.030196	0
467	0.030196	0
468	0.0301959	0
469	0.0301959	0
470	0.0301959	0
471	0.0301959	0
472	0.0301959	0
473	0.0301959	0
474	0.0301959	0
475	0.0301958	0
476	0.0301958	0
477	0.0301958	0
478	0.0301958	0
479	0.0301958	0
480	0.0301958	0
481	0.0301957	0
482	0.0301957	0
483	0.0301957	0
484	0.0301957	0
485	0.0301957	0
486	0.0301957	0
487	0.0301956	0
488	0.0301956	0
489	0.0301956	0
490	0.0301956	0
491	0.0301956	0
492	0.0301956	0
493	0.0301956	0
494	0.0301955	0
495	0.0301955	0
496	0.0301955	0
497	0.0301955	0
498	0.0301955	0
499	0.0301955	0
500	0.0301954	0
501	0.0301954	0
502	0.0301954	0
503	0.0301954	0
504	0.0301954	0
505	0.0301954	0
506	0.0301953	0
507	0.0301953	0
508	0.0301953	0
509	0.0301953	0
510	0.0301953	0
511	0.0301953	0
512	0.0301952	0
513	0.0301952	0
514	0.0301952	0
515	0.0301952	0
516	0.0301952	0
517	0.0301952	0
518	0.0301951	0
519	0.0301951	0
520	0.0301951	0
521	0.0301951	0
522	0.0301951	0
523	0.0301951	0
524	0.030195	0
525	0.030195	0
526	0.030195	0
527	0.030195	0
528	0.030195	0
529	0.030195	0
530	0.0301949	0
531	0.0301949	0
532	0.0301949	0
533	0.0301949	0
534	0.0301949	0
535	0.0301948	0
536	0.0301948	0
537	0.0301948	0
538	0.0301948	0
539	0.0301948	0
540	0.0301948	0
541	0.0301947	0
542	0.0301947	0
543	0.0301947	0
544	0.0301947	0
545	0.0301947	0
546	0.0301947	0
547	0.0301946	0
548	0.0301946	0
549	0.0301946	0
550	0.0301946	0
551	0.0301946	0
552	0.0301945	0
553	0.0301945	0
554	0.0301945	0
555	0.0301945	0
556	0.0301945	0
557	0.0301945	0
558	0.0301944	0
559	0.0301944	0
560	0.0301944	0
561	0.0301944	0
562	0.0301944	0
563	0.0301943	0
564	0.0301943	0
565	0.0301943	0
566	0.0301943	0
567	0.0301943	0
568	0.0301943	0
569	0.0301942	0
570	0.0301942	0
571	0.0301942	0
572	0.0301942	0
573	0.0301942	0
574	0.0301941	0
575	0.0301941	0
576	0.0301941	0
577	0.0301941	0
578	0.0301941	0
579	0.030194	0
580	0.030194	0
581	0.030194	0
582	0.030194	0
583	0.030194	0
584	0.0301939	0
585	0.0301939	0
586	0.0301939	0
587	0.0301939	0
588	0.0301939	0
589	0.0301938	0
590	0.0301938	0
591	0.0301938	0
592	0.0301938	0
593	0.0301938	0
594	0.0301937	0
595	0.0301937	0
596	0.0301937	0
597	0.0301937	0
598	0.0301937	0
599	0.0301936	0
600	0.0301936	0
601	0.0301936	0
602	0.0301936	0
603	0.0301936	0
604	0.0301935	0
605	0.0301935	0
606	0.0301935	0
607	0.0301935	0
608	0.0301935	0
609	0.0301934	0
610	0.0301934	0
611	0.0301934	0
612	0.0301934	0
613	0.0301933	0
614	0.0301933	0
615	0.0301933	0
616	0.0301933	0
617	0.0301933	0
618	0.0301932	0
619	0.0301932	0
620	0.0301932	0
621	0.0301932	0
622	0.0301932	0
623	0.0301931	0
624	0.0301931	0
625	0.0301931	0
626	0.0301931	0
627	0.030193	0
628	0.030193	0
629	0.030193	0
630	0.030193	0
631	0.030193	0
632	0.0301929	0
633	0.0301929	0
634	0.0301929	0
635	0.0301929	0
636	0.0301928	0
637	0.0301928	0
638	0.0301928	0
639	0.0301928	0
640	0.0301927	0
641	0.0301927	0
642	0.0301927	0
643	0.0301927	0
644	0.0301927	0
645	0.0301926	0
646	0.0301926	0
647	0.0301926	0
648	0.0301926	0
649	0.0301925	0
650	0.0301925	0
651	0.0301925	0
652	0.0301925	0
653	0.0301924	0
654	0.0301924	0
655	0.0301924	0
656	0.0301924	0
657	0.0301923	0
658	0.0301923	0
659	0.0301923	0
660	0.0301923	0
661	0.0301922	0
662	0.0301922	0
663	0.0301922	0
664	0.0301922	0
665	0.0301921	0
666	0.0301921	0
667	0.0301921	0
668	0.0301921	0
669	0.030192	0
670	0.030192	0
671	0.030192	0
672	0.030192	0
673	0.0301919	0
674	0.0301919	0
675	0.0301919	0
676	0.0301919	0
677	0.0301918	0
678	0.0301918	0
679	0.0301918	0
680	0.0301918	0
681	0.0301917	0
682	0.0301917	0
683	0.0301917	0
684	0.0301916	0
685	0.0301916	0
686	0.0301916	0
687	0.0301916	0
688	0.0301915	0
689	0.0301915	0
690	0.0301915	0
691	0.0301915	0
692	0.0301914	0
693	0.0301914	0
694	0.0301914	0
695	0.0301913	0
696	0.0301913	0
697	0.0301913	0
698	0.0301913	0
699	0.0301912	0
700	0.0301912	0
701	0.0301912	0
702	0.0301911	0
703	0.0301911	0
704	0.0301911	0
705	0.0301911	0
706	0.030191	0
707	0.030191	0
708	0.030191	0
709	0.0301909	0
710	0.0301909	0
711	0.0301909	0
712	0.0301909	0
713	0.0301908	0
714	0.0301908	0
715	0.0301908	0
716	0.0301907	0
717	0.0301907	0
718	0.0301907	0
719	0.0301906	0
720	0.0301906	0
721	0.0301906	0
722	0.0301905	0
723	0.0301905	0
724	0.0301905	0
725	0.0301905	0
726	0.0301904	0
727	0.0301904	0
728	0.0301904	0
729	0.0301903	0
730	0.0301903	0
731	0.0301903	0
732	0.0301902	0
733	0.0301902	0
734	0.0301902	0
735	0.0301901	0
736	0.0301901	0
737	0.0301901	0
738	0.03019	0
739	0.03019	0
740	0.03019	0
741	0.0301899	0
742	0.0301899	0
743	0.0301899	0
744	0.0301898	0
745	0.0301898	0
746	0.0301898	0
747	0.0301897	0
748	0.0301897	0
749	0.0301897	0
750	0.0301896	0
751	0.0301896	0
752	0.0301895	0
753	0.0301895	0
754	0.0301895	0
755	0.0301894	0
756	0.0301894	0
757	0.0301894	0
758	0.0301893	0
759	0.0301893	0
760	0.0301893	0
761	0.0301892	0
762	0.0301892	0
763	0.0301891	0
764	0.0301891	0
765	0.0301891	0
766	0.030189	0
767	0.030189	0
768	0.030189	0
769	0.0301889	0
770	0.0301889	0
771	0.0301888	0
772	0.0301888	0
773	0.0301888	0
774	0.0301887	0
775	0.0301887	0
776	0.0301887	0
777	0.0301886	0
778	0.0301886	0
779	0.0301885	0
780	0.0301885	0
781	0.0301885	0
782	0.0301884	0
783	0.0301884	0
784	0.0301883	0
785	0.0301883	0
786	0.0301882	0
787	0.0301882	0
788	0.0301882	0
789	0.0301881	0
790	0.0301881	0
791	0.030188	0
792	0.030188	0
793	0.030188	0
794	0.0301879	0
795	0.0301879	0
796	0.0301878	0
797	0.0301878	0
798	0.0301877	0
799	0.0301877	0
800	0.0301877	0
801	0.0301876	0
802	0.0301876	0
803	0.0301875	0
804	0.0301875	0
805	0.0301874	0
806	0.0301874	0
807	0.0301873	0
808	0.0301873	0
809	0.0301872	0
810	0.0301872	0
811	0.0301872	0
812	0.0301871	0
813	0.0301871	0
814	0.030187	0
815	0.030187	0
816	0.0301869	0
817	0.0301869	0
818	0.0301868	0
819	0.0301868	0
820	0.0301867	0
821	0.0301867	0
822	0.0301866	0
823	0.0301866	0
824	0.0301865	0
825	0.0301865	0
826	0.0301864	0
827	0.0301864	0
828	0.0301863	0
829	0.0301863	0
830	0.0301862	0
831	0.0301862	0
832	0.0301861	0
833	0.0301861	0
834	0.030186	0
835	0.030186	0
836	0.0301859	0
837	0.0301859	0
838	0.0301858	0
839	0.0301858	0
840	0.0301857	0
841	0.0301856	0
842	0.0301856	0
843	0.0301855	0
844	0.0301855	0
845	0.0301854	0
846	0.0301854	0
847	0.0301853	0
848	0.0301853	0
849	0.0301852	0
850	0.0301851	0
851	0.0301851	0
852	0.030185	0
853	0.030185	0
854	0.0301849	0
855	0.0301849	0
856	0.0301848	0
857	0.0301847	0
858	0.0301847	0
859	0.0301846	0
860	0.0301846	0
861	0.0301845	0
862	0.0301844	0
863	0.0301844	0
864	0.0301843	0
865	0.0301842	0
866	0.0301842	0
867	0.0301841	0
868	0.0301841	0
869	0.030184	0
870	0.0301839	0
871	0.0301839	0
872	0.0301838	0
873	0.0301837	0
874	0.0301837	0
875	0.0301836	0
876	0.0301835	0
877	0.0301835	0
878	0.0301834	0
879	0.0301833	0
880	0.0301833	0
881	0.0301832	0
882	0.0301831	0
883	0.0301831	0
884	0.030183	0
885	0.0301829	0
886	0.0301829	0
887	0.0301828	0
888	0.0301827	0
889	0.0301827	0
890	0.0301826	0
891	0.0301825	0
892	0.0301824	0
893	0.0301824	0
894	0.0301823	0
895	0.0301822	0
896	0.0301822	0
897	0.0301821	0
898	0.030182	0
899	0.0301819	0
900	0.0301819	0
901	0.0301818	0
902	0.0301817	0
903	0.0301816	0
904	0.0301815	0
905	0.0301815	0
906	0.0301814	0
907	0.0301813	0
908	0.0301812	0
909	0.0301812	0
910	0.0301811	0
911	0.030181	0
912	0.0301809	0
913	0.0301808	0
914	0.0301808	0
915	0.0301807	0
916	0.0301806	0
917	0.0301805	0
918	0.0301804	0
919	0.0301803	0
920	0.0301803	0
921	0.0301802	0
922	0.0301801	0
923	0.03018	0
924	0.0301799	0
925	0.0301798	0
926	0.0301797	0
927	0.0301796	0
928	0.0301796	0
929	0.0301795	0
930	0.0301794	0
931	0.0301793	0
932	0.0301792	0
933	0.0301791	0
934	0.030179	0
935	0.0301789	0
936	0.0301788	0
937	0.0301787	0
938	0.0301786	0
939	0.0301785	0
940	0.0301784	0
941	0.0301783	0
942	0.0301783	0
943	0.0301782	0
944	0.0301781	0
945	0.030178	0
946	0.0301779	0
947	0.0301778	0
948	0.0301777	0
949	0.0301776	0
950	0.0301775	0
951	0.0301774	0
952	0.0301772	0
953	0.0301771	0
954	0.030177	0
955	0.0301769	0
956	0.0301768	0
957	0.0301767	0
958	0.0301766	0
959	0.0301765	0
960	0.0301764	0
961	0.0301763	0
962	0.0301762	0
963	0.0301761	0
964	0.030176	0
965	0.0301759	0
966	0.0301757	0
967	0.0301756	0
968	0.0301755	0
969	0.0301754	0
970	0.0301753	0
971	0.0301752	0
972	0.0301751	0
973	0.0301749	0
974	0.0301748	0
975	0.0301747	0
976	0.0301746	0
977	0.0301745	0
978	0.0301743	0
979	0.0301742	0
980	0.0301741	0
981	0.030174	0
982	0.0301738	0
983	0.0301737	0
984	0.0301736	0
985	0.0301735	0
986	0.0301733	0
987	0.0301732	0
988	0.0301731	0
989	0.030173	0
990	0.0301728	0
991	0.0301727	0
992	0.0301726	0
993	0.0301724	0
994	0.0301723	0
995	0.0301722	0
996	0.030172	0
997	0.0301719	0
998	0.0301718	0
999	0.0301716	0
1000	0.0301715	0
