1	0.0303444	0
2	0.0303423	0
3	0.0303402	0
4	0.0303382	0
5	0.0303362	0
6	0.0303343	0
7	0.0303324	0
8	0.0303305	0
9	0.0303287	0
10	0.0303269	0
11	0.0303251	0
12	0.0303234	0
13	0.0303216	0
14	0.0303199	0
15	0.0303182	0
16	0.0303165	0
17	0.0303149	0
18	0.0303132	0
19	0.0303115	0
20	0.0303099	0
21	0.0303083	0
22	0.0303066	0
23	0.030305	0
24	0.0303034	0
25	0.0303017	0
26	0.0303001	0
27	0.0302985	0
28	0.0302969	0
29	0.0302952	0
30	0.0302936	0
31	0.030292	0
32	0.0302903	0
33	0.0302887	0
34	0.030287	0
35	0.0302854	0
36	0.0302837	0
37	0.0302821	0
38	0.0302804	0
39	0.0302787	0
40	0.0302771	0
41	0.0302754	0
42	0.0302737	0
43	0.0302721	0
44	0.0302704	0
45	0.0302687	0
46	0.030267	0
47	0.0302653	0
48	0.0302636	0
49	0.030262	0
50	0.0302603	0
51	0.0302586	0
52	0.0302569	0
53	0.0302552	0
54	0.0302536	0
55	0.0302519	0
56	0.0302503	0
57	0.0302486	0
58	0.030247	0
59	0.0302453	0
60	0.0302437	0
61	0.0302421	0
62	0.0302405	0
63	0.0302389	0
64	0.0302373	0
65	0.0302358	0
66	0.0302343	0
67	0.0302327	0
68	0.0302312	0
69	0.0302298	0
70	0.0302283	0
71	0.0302269	0
72	0.0302255	0
73	0.0302241	0
74	0.0302227	0
75	0.0302214	0
76	0.0302201	0
77	0.0302188	0
78	0.0302175	0
79	0.0302163	0
80	0.0302151	0
81	0.030214	0
82	0.0302128	0
83	0.0302117	0
84	0.0302107	0
85	0.0302096	0
86	0.0302086	0
87	0.0302076	0
88	0.0302067	0
89	0.0302058	0
90	0.0302049	0
91	0.030204	0
92	0.0302032	0
93	0.0302024	0
94	0.0302017	0
95	0.0302009	0
96	0.0302002	0
97	0.0301995	0
98	0.0301989	0
99	0.0301983	0
100	0.0301977	0
101	0.0301971	0
102	0.0301965	0
103	0.030196	0
104	0.0301955	0
105	0.030195	0
106	0.0301946	0
107	0.0301941	0
108	0.0301937	0
109	0.0301933	0
110	0.0301929	0
111	0.0301925	0
112	0.0301922	0
113	0.0301919	0
114	0.0301915	0
115	0.0301912	0
116	0.0301909	0
117	0.0301907	0
118	0.0301904	0
119	0.0301901	0
120	0.0301899	0
121	0.0301897	0
122	0.0301894	0
123	0.0301892	0
124	0.030189	0
125	0.0301888	0
126	0.0301886	0
127	0.0301884	0
128	0.0301883	0
129	0.0301881	0
130	0.0301879	0
131	0.0301878	0
132	0.0301876	0
133	0.0301875	0
134	0.0301873	0
135	0.0301872	0
136	0.030187	0
137	0.0301869	0
138	0.0301868	0
139	0.0301866	0
140	0.0301865	0
141	0.0301864	0
142	0.0301863	0
143	0.0301862	0
144	0.030186	0
145	0.0301859	0
146	0.0301858	0
147	0.0301857	0
148	0.0301856	0
149	0.0301855	0
150	0.0301854	0
151	0.0301853	0
152	0.0301852	0
153	0.0301851	0
154	0.030185	0
155	0.0301849	0
156	0.0301848	0
157	0.0301847	0
158	0.0301846	0
159	0.0301845	0
160	0.0301844	0
161	0.0301843	0
162	0.0301842	0
163	0.0301841	0
164	0.030184	0
165	0.0301839	0
166	0.0301838	0
167	0.0301837	0
168	0.0301836	0
169	0.0301835	0
170	0.0301834	0
171	0.0301833	0
172	0.0301832	0
173	0.0301831	0
174	0.030183	0
175	0.0301829	0
176	0.0301828	0
177	0.0301827	0
178	0.0301826	0
179	0.0301825	0
180	0.0301824	0
181	0.0301823	0
182	0.0301822	0
183	0.0301822	0
184	0.0301821	0
185	0.030182	0
186	0.0301819	0
187	0.0301818	0
188	0.0301817	0
189	0.0301816	0
190	0.0301815	0
191	0.0301814	0
192	0.0301813	0
193	0.0301812	0
194	0.0301811	0
195	0.030181	0
196	0.0301809	0
197	0.0301808	0
198	0.0301807	0
199	0.0301806	0
200	0.0301804	0
201	0.0301803	0
202	0.0301802	0
203	0.0301801	0
204	0.03018	0
205	0.0301799	0
206	0.0301798	0
207	0.0301797	0
208	0.0301796	0
209	0.0301795	0
210	0.0301794	0
211	0.0301793	0
212	0.0301792	0
213	0.0301791	0
214	0.030179	0
215	0.0301789	0
216	0.0301788	0
217	0.0301786	0
218	0.0301785	0
219	0.0301784	0
220	0.0301783	0
221	0.0301782	0
222	0.0301781	0
223	0.030178	0
224	0.0301779	0
225	0.0301778	0
226	0.0301776	0
227	0.0301775	0
228	0.0301774	0
229	0.0301773	0
230	0.0301772	0
231	0.0301771	0
232	0.030177	0
233	0.0301768	0
234	0.0301767	0
235	0.0301766	0
236	0.0301765	0
237	0.0301764	0
238	0.0301763	0
239	0.0301761	0
240	0.030176	0
241	0.0301759	0
242	0.0301758	0
243	0.0301757	0
244	0.0301755	0
245	0.0301754	0
246	0.0301753	0
247	0.0301752	0
248	0.030175	0
249	0.0301749	0
250	0.0301748	0
251	0.0301747	0
252	0.0301746	0
253	0.0301744	0
254	0.0301743	0
255	0.0301742	0
256	0.0301741	0
257	0.0301739	0
258	0.0301738	0
259	0.0301737	0
260	0.0301735	0
261	0.0301734	0
262	0.0301733	0
263	0.0301732	0
264	0.030173	0
265	0.0301729	0
266	0.0301728	0
267	0.0301726	0
268	0.0301725	0
269	0.0301724	0
270	0.0301723	0
271	0.0301721	0
272	0.030172	0
273	0.0301719	0
274	0.0301717	0
275	0.0301716	0
276	0.0301715	0
277	0.0301713	0
278	0.0301712	0
279	0.0301711	0
280	0.0301709	0
281	0.0301708	0
282	0.0301706	0
283	0.0301705	0
284	0.0301704	0
285	0.0301702	0
286	0.0301701	0
287	0.03017	0
288	0.0301698	0
289	0.0301697	0
290	0.0301695	0
291	0.0301694	0
292	0.0301693	0
293	0.0301691	0
294	0.030169	0
295	0.0301688	0
296	0.0301687	0
297	0.0301686	0
298	0.0301684	0
299	0.0301683	0
300	0.0301681	0
301	0.030168	0
302	0.0301678	0
303	0.0301677	0
304	0.0301676	0
305	0.0301674	0
306	0.0301673	0
307	0.0301671	0
308	0.030167	0
309	0.0301668	0
310	0.0301667	0
311	0.0301665	0
312	0.0301664	0
313	0.0301662	0
314	0.0301661	0
315	0.0301659	0
316	0.0301658	0
317	0.0301656	0
318	0.0301655	0
319	0.0301654	0
320	0.0301652	0
321	0.030165	0
322	0.0301649	0
323	0.0301647	0
324	0.0301646	0
325	0.0301644	0
326	0.0301643	0
327	0.0301641	0
328	0.030164	0
329	0.0301638	0
330	0.0301637	0
331	0.0301635	0
332	0.0301634	0
333	0.0301632	0
334	0.0301631	0
335	0.0301629	0
336	0.0301628	0
337	0.0301626	0
338	0.0301624	0
339	0.0301623	0
340	0.0301621	0
341	0.030162	0
342	0.0301618	0
343	0.0301616	0
344	0.0301615	0
345	0.0301613	0
346	0.0301612	0
347	0.030161	0
348	0.0301609	0
349	0.0301607	0
350	0.0301605	0
351	0.0301604	0
352	0.0301602	0
353	0.03016	0
354	0.0301599	0
355	0.0301597	0
356	0.0301596	0
357	0.0301594	0
358	0.0301592	0
359	0.0301591	0
360	0.0301589	0
361	0.0301587	0
362	0.0301586	0
363	0.0301584	0
364	0.0301582	0
365	0.0301581	0
366	0.0301579	0
367	0.0301577	0
368	0.0301576	0
369	0.0301574	0
370	0.0301572	0
371	0.0301571	0
372	0.0301569	0
373	0.0301567	0
374	0.0301566	0
375	0.0301564	0
376	0.0301562	0
377	0.030156	0
378	0.0301559	0
379	0.0301557	0
380	0.0301555	0
381	0.0301554	0
382	0.0301552	0
383	0.030155	0
384	0.0301548	0
385	0.0301547	0
386	0.0301545	0
387	0.0301543	0
388	0.0301541	0
389	0.030154	0
390	0.0301538	0
391	0.0301536	0
392	0.0301534	0
393	0.0301533	0
394	0.0301531	0
395	0.0301529	0
396	0.0301527	0
397	0.0301525	0
398	0.0301524	0
399	0.0301522	0
400	0.030152	0
401	0.0301518	0
402	0.0301516	0
403	0.0301515	0
404	0.0301513	0
405	0.0301511	0
406	0.0301509	0
407	0.0301507	0
408	0.0301506	0
409	0.0301504	0
410	0.0301502	0
411	0.03015	0
412	0.0301498	0
413	0.0301496	0
414	0.0301494	0
415	0.0301493	0
416	0.0301491	0
417	0.0301489	0
418	0.0301487	0
419	0.0301485	0
420	0.0301483	0
421	0.0301481	0
422	0.0301479	0
423	0.0301477	0
424	0.0301476	0
425	0.0301474	0
426	0.0301472	0
427	0.030147	0
428	0.0301468	0
429	0.0301466	0
430	0.0301464	0
431	0.0301462	0
432	0.030146	0
433	0.0301458	0
434	0.0301456	0
435	0.0301454	0
436	0.0301452	0
437	0.030145	0
438	0.0301448	0
439	0.0301446	0
440	0.0301444	0
441	0.0301443	0
442	0.0301441	0
443	0.0301439	0
444	0.0301437	0
445	0.0301435	0
446	0.0301433	0
447	0.0301431	0
448	0.0301429	0
449	0.0301426	0
450	0.0301424	0
451	0.0301422	0
452	0.030142	0
453	0.0301418	0
454	0.0301416	0
455	0.0301414	0
456	0.0301412	0
457	0.030141	0
458	0.0301408	0
459	0.0301406	0
460	0.0301404	0
461	0.0301402	0
462	0.03014	0
463	0.0301398	0
464	0.0301396	0
465	0.0301394	0
466	0.0301391	0
467	0.0301389	0
468	0.0301387	0
469	0.0301385	0
470	0.0301383	0
471	0.0301381	0
472	0.0301379	0
473	0.0301377	0
474	0.0301375	0
475	0.0301372	0
476	0.030137	0
477	0.0301368	0
478	0.0301366	0
479	0.0301364	0
480	0.0301362	0
481	0.0301359	0
482	0.0301357	0
483	0.0301355	0
484	0.0301353	0
485	0.0301351	0
486	0.0301349	0
487	0.0301346	0
488	0.0301344	0
489	0.0301342	0
490	0.030134	0
491	0.0301338	0
492	0.0301335	0
493	0.0301333	0
494	0.0301331	0
495	0.0301329	0
496	0.0301326	0
497	0.0301324	0
498	0.0301322	0
499	0.030132	0
500	0.0301317	0
501	0.0301315	0
502	0.0301313	0
503	0.0301311	0
504	0.0301308	0
505	0.0301306	0
506	0.0301304	0
507	0.0301302	0
508	0.0301299	0
509	0.0301297	0
510	0.0301295	0
511	0.0301292	0
512	0.030129	0
513	0.0301288	0
514	0.0301286	0
515	0.0301283	0
516	0.0301281	0
517	0.0301279	0
518	0.0301276	0
519	0.0301274	0
520	0.0301272	0
521	0.0301269	0
522	0.0301267	0
523	0.0301265	0
524	0.0301262	0
525	0.030126	0
526	0.0301258	0
527	0.0301255	0
528	0.0301253	0
529	0.0301251	0
530	0.0301248	0
531	0.0301246	0
532	0.0301244	0
533	0.0301241	0
534	0.0301239	0
535	0.0301236	0
536	0.0301234	0
537	0.0301232	0
538	0.0301229	0
539	0.0301227	0
540	0.0301224	0
541	0.0301222	0
542	0.030122	0
543	0.0301217	0
544	0.0301215	0
545	0.0301212	0
546	0.030121	0
547	0.0301208	0
548	0.0301205	0
549	0.0301203	0
550	0.03012	0
551	0.0301198	0
552	0.0301196	0
553	0.0301193	0
554	0.0301191	0
555	0.0301188	0
556	0.0301186	0
557	0.0301183	0
558	0.0301181	0
559	0.0301179	0
560	0.0301176	0
561	0.0301174	0
562	0.0301171	0
563	0.0301169	0
564	0.0301166	0
565	0.0301164	0
566	0.0301161	0
567	0.0301159	0
568	0.0301157	0
569	0.0301154	0
570	0.0301152	0
571	0.0301149	0
572	0.0301147	0
573	0.0301144	0
574	0.0301142	0
575	0.0301139	0
576	0.0301137	0
577	0.0301135	0
578	0.0301132	0
579	0.030113	0
580	0.0301127	0
581	0.0301125	0
582	0.0301122	0
583	0.030112	0
584	0.0301117	0
585	0.0301115	0
586	0.0301112	0
587	0.030111	0
588	0.0301107	0
589	0.0301105	0
590	0.0301103	0
591	0.03011	0
592	0.0301098	0
593	0.0301095	0
594	0.0301093	0
595	0.030109	0
596	0.0301088	0
597	0.0301085	0
598	0.0301083	0
599	0.030108	0
600	0.0301078	0
601	0.0301076	0
602	0.0301073	0
603	0.0301071	0
604	0.0301068	0
605	0.0301066	0
606	0.0301063	0
607	0.0301061	0
608	0.0301058	0
609	0.0301056	0
610	0.0301053	0
611	0.0301051	0
612	0.0301049	0
613	0.0301046	0
614	0.0301044	0
615	0.0301041	0
616	0.0301039	0
617	0.0301036	0
618	0.0301034	0
619	0.0301032	0
620	0.0301029	0
621	0.0301027	0
622	0.0301024	0
623	0.0301022	0
624	0.0301019	0
625	0.0301017	0
626	0.0301015	0
627	0.0301012	0
628	0.030101	0
629	0.0301007	0
630	0.0301005	0
631	0.0301003	0
632	0.0301	0
633	0.0300998	0
634	0.0300995	0
635	0.0300993	0
636	0.0300991	0
637	0.0300988	0
638	0.0300986	0
639	0.0300984	0
640	0.0300981	0
641	0.0300979	0
642	0.0300977	0
643	0.0300974	0
644	0.0300972	0
645	0.0300969	0
646	0.0300967	0
647	0.0300965	0
648	0.0300962	0
649	0.030096	0
650	0.0300958	0
651	0.0300955	0
652	0.0300953	0
653	0.0300951	0
654	0.0300949	0
655	0.0300946	0
656	0.0300944	0
657	0.0300942	0
658	0.0300939	0
659	0.0300937	0
660	0.0300935	0
661	0.0300933	0
662	0.030093	0
663	0.0300928	0
664	0.0300926	0
665	0.0300923	0
666	0.0300921	0
667	0.0300919	0
668	0.0300917	0
669	0.0300914	0
670	0.0300912	0
671	0.030091	0
672	0.0300908	0
673	0.0300906	0
674	0.0300903	0
675	0.0300901	0
676	0.0300899	0
677	0.0300897	0
678	0.0300895	0
679	0.0300892	0
680	0.030089	0
681	0.0300888	0
682	0.0300886	0
683	0.0300884	0
684	0.0300882	0
685	0.0300879	0
686	0.0300877	0
687	0.0300875	0
688	0.0300873	0
689	0.0300871	0
690	0.0300869	0
691	0.0300867	0
692	0.0300865	0
693	0.0300863	0
694	0.030086	0
695	0.0300858	0
696	0.0300856	0
697	0.0300854	0
698	0.0300852	0
699	0.030085	0
700	0.0300848	0
701	0.0300846	0
702	0.0300844	0
703	0.0300842	0
704	0.030084	0
705	0.0300838	0
706	0.0300836	0
707	0.0300834	0
708	0.0300832	0
709	0.030083	0
710	0.0300828	0
711	0.0300826	0
712	0.0300824	0
713	0.0300822	0
714	0.030082	0
715	0.0300818	0
716	0.0300816	0
717	0.0300814	0
718	0.0300812	0
719	0.030081	0
720	0.0300808	0
721	0.0300806	0
722	0.0300804	0
723	0.0300803	0
724	0.0300801	0
725	0.0300799	0
726	0.0300797	0
727	0.0300795	0
728	0.0300793	0
729	0.0300791	0
730	0.0300789	0
731	0.0300788	0
732	0.0300786	0
733	0.0300784	0
734	0.0300782	0
735	0.030078	0
736	0.0300778	0
737	0.0300777	0
738	0.0300775	0
739	0.0300773	0
740	0.0300771	0
741	0.0300769	0
742	0.0300768	0
743	0.0300766	0
744	0.0300764	0
745	0.0300762	0
746	0.0300761	0
747	0.0300759	0
748	0.0300757	0
749	0.0300755	0
750	0.0300754	0
751	0.0300752	0
752	0.030075	0
753	0.0300748	0
754	0.0300747	0
755	0.0300745	0
756	0.0300743	0
757	0.0300742	0
758	0.030074	0
759	0.0300738	0
760	0.0300737	0
761	0.0300735	0
762	0.0300733	0
763	0.0300732	0
764	0.030073	0
765	0.0300728	0
766	0.0300727	0
767	0.0300725	0
768	0.0300723	0
769	0.0300722	0
770	0.030072	0
771	0.0300719	0
772	0.0300717	0
773	0.0300715	0
774	0.0300714	0
775	0.0300712	0
776	0.0300711	0
777	0.0300709	0
778	0.0300707	0
779	0.0300706	0
780	0.0300704	0
781	0.0300703	0
782	0.0300701	0
783	0.03007	0
784	0.0300698	0
785	0.0300697	0
786	0.0300695	0
787	0.0300694	0
788	0.0300692	0
789	0.0300691	0
790	0.0300689	0
791	0.0300688	0
792	0.0300686	0
793	0.0300685	0
794	0.0300683	0
795	0.0300682	0
796	0.030068	0
797	0.0300679	0
798	0.0300677	0
799	0.0300676	0
800	0.0300674	0
801	0.0300673	0
802	0.0300671	0
803	0.030067	0
804	0.0300668	0
805	0.0300667	0
806	0.0300666	0
807	0.0300664	0
808	0.0300663	0
809	0.0300661	0
810	0.030066	0
811	0.0300658	0
812	0.0300657	0
813	0.0300656	0
814	0.0300654	0
815	0.0300653	0
816	0.0300651	0
817	0.030065	0
818	0.0300649	0
819	0.0300647	0
820	0.0300646	0
821	0.0300644	0
822	0.0300643	0
823	0.0300642	0
824	0.030064	0
825	0.0300639	0
826	0.0300638	0
827	0.0300636	0
828	0.0300635	0
829	0.0300633	0
830	0.0300632	0
831	0.0300631	0
832	0.0300629	0
833	0.0300628	0
834	0.0300627	0
835	0.0300625	0
836	0.0300624	0
837	0.0300623	0
838	0.0300621	0
839	0.030062	0
840	0.0300619	0
841	0.0300617	0
842	0.0300616	0
843	0.0300615	0
844	0.0300613	0
845	0.0300612	0
846	0.0300611	0
847	0.0300609	0
848	0.0300608	0
849	0.0300607	0
850	0.0300605	0
851	0.0300604	0
852	0.0300603	0
853	0.0300602	0
854	0.03006	0
855	0.0300599	0
856	0.0300598	0
857	0.0300596	0
858	0.0300595	0
859	0.0300594	0
860	0.0300592	0
861	0.0300591	0
862	0.030059	0
863	0.0300589	0
864	0.0300587	0
865	0.0300586	0
866	0.0300585	0
867	0.0300583	0
868	0.0300582	0
869	0.0300581	0
870	0.0300579	0
871	0.0300578	0
872	0.0300577	0
873	0.0300576	0
874	0.0300574	0
875	0.0300573	0
876	0.0300572	0
877	0.030057	0
878	0.0300569	0
879	0.0300568	0
880	0.0300566	0
881	0.0300565	0
882	0.0300564	0
883	0.0300563	0
884	0.0300561	0
885	0.030056	0
886	0.0300559	0
887	0.0300557	0
888	0.0300556	0
889	0.0300555	0
890	0.0300553	0
891	0.0300552	0
892	0.0300551	0
893	0.0300549	0
894	0.0300548	0
895	0.0300547	0
896	0.0300546	0
897	0.0300544	0
898	0.0300543	0
899	0.0300542	0
900	0.030054	0
901	0.0300539	0
902	0.0300538	0
903	0.0300536	0
904	0.0300535	0
905	0.0300534	0
906	0.0300532	0
907	0.0300531	0
908	0.030053	0
909	0.0300528	0
910	0.0300527	0
911	0.0300526	0
912	0.0300524	0
913	0.0300523	0
914	0.0300521	0
915	0.030052	0
916	0.0300519	0
917	0.0300517	0
918	0.0300516	0
919	0.0300515	0
920	0.0300513	0
921	0.0300512	0
922	0.030051	0
923	0.0300509	0
924	0.0300508	0
925	0.0300506	0
926	0.0300505	0
927	0.0300503	0
928	0.0300502	0
929	0.0300501	0
930	0.0300499	0
931	0.0300498	0
932	0.0300496	0
933	0.0300495	0
934	0.0300493	0
935	0.0300492	0
936	0.0300491	0
937	0.0300489	0
938	0.0300488	0
939	0.0300486	0
940	0.0300485	0
941	0.0300483	0
942	0.0300482	0
943	0.030048	0
944	0.0300479	0
945	0.0300477	0
946	0.0300476	0
947	0.0300474	0
948	0.0300473	0
949	0.0300471	0
950	0.030047	0
951	0.0300468	0
952	0.0300467	0
953	0.0300465	0
954	0.0300464	0
955	0.0300462	0
956	0.0300461	0
957	0.0300459	0
958	0.0300457	0
959	0.0300456	0
960	0.0300454	0
961	0.0300453	0
962	0.0300451	0
963	0.0300449	0
964	0.0300448	0
965	0.0300446	0
966	0.0300445	0
967	0.0300443	0
968	0.0300441	0
969	0.030044	0
970	0.0300438	0
971	0.0300436	0
972	0.0300435	0
973	0.0300433	0
974	0.0300431	0
975	0.030043	0
976	0.0300428	0
977	0.0300426	0
978	0.0300424	0
979	0.0300423	0
980	0.0300421	0
981	0.0300419	0
982	0.0300417	0
983	0.0300416	0
984	0.0300414	0
985	0.0300412	0
986	0.030041	0
987	0.0300408	0
988	0.0300407	0
989	0.0300405	0
990	0.0300403	0
991	0.0300401	0
992	0.0300399	0
993	0.0300397	0
994	0.0300395	0
995	0.0300394	0
996	0.0300392	0
997	0.030039	0
998	0.0300388	0
999	0.0300386	0
1000	0.0300384	0
