1	0.030253	0
2	0.0299683	0
3	0.0299294	0
4	0.0299217	0
5	0.029919	0
6	0.0299171	0
7	0.0299155	0
8	0.029914	0
9	0.0299125	0
10	0.0299111	0
11	0.0299098	0
12	0.0299085	0
13	0.0299072	0
14	0.029906	0
15	0.0299049	0
16	0.0299037	0
17	0.0299027	0
18	0.0299016	0
19	0.0299006	0
20	0.0298996	0
21	0.0298987	0
22	0.0298978	0
23	0.0298969	0
24	0.0298961	0
25	0.0298953	0
26	0.0298945	0
27	0.0298938	0
28	0.029893	0
29	0.0298923	0
30	0.0298916	0
31	0.029891	0
32	0.0298904	0
33	0.0298897	0
34	0.0298891	0
35	0.0298886	0
36	0.029888	0
37	0.0298875	0
38	0.0298869	0
39	0.0298864	0
40	0.0298859	0
41	0.0298855	0
42	0.029885	0
43	0.0298845	0
44	0.0298841	0
45	0.0298837	0
46	0.0298833	0
47	0.0298829	0
48	0.0298825	0
49	0.0298821	0
50	0.0298818	0
51	0.0298814	0
52	0.0298811	0
53	0.0298807	0
54	0.0298804	0
55	0.0298801	0
56	0.0298798	0
57	0.0298795	0
58	0.0298792	0
59	0.0298789	0
60	0.0298787	0
61	0.0298784	0
62	0.0298782	0
63	0.0298779	0
64	0.0298777	0
65	0.0298774	0
66	0.0298772	0
67	0.029877	0
68	0.0298768	0
69	0.0298765	0
70	0.0298763	0
71	0.0298761	0
72	0.029876	0
73	0.0298758	0
74	0.0298756	0
75	0.0298754	0
76	0.0298752	0
77	0.0298751	0
78	0.0298749	0
79	0.0298747	0
80	0.0298746	0
81	0.0298744	0
82	0.0298743	0
83	0.0298741	0
84	0.029874	0
85	0.0298738	0
86	0.0298737	0
87	0.0298736	0
88	0.0298735	0
89	0.0298733	0
90	0.0298732	0
91	0.0298731	0
92	0.029873	0
93	0.0298729	0
94	0.0298728	0
95	0.0298726	0
96	0.0298725	0
97	0.0298724	0
98	0.0298723	0
99	0.0298722	0
100	0.0298722	0
101	0.0298721	0
102	0.029872	0
103	0.0298719	0
104	0.0298718	0
105	0.0298717	0
106	0.0298716	0
107	0.0298716	0
108	0.0298715	0
109	0.0298714	0
110	0.0298713	0
111	0.0298713	0
112	0.0298712	0
113	0.0298711	0
114	0.029871	0
115	0.029871	0
116	0.0298709	0
117	0.0298708	0
118	0.0298708	0
119	0.0298707	0
120	0.0298707	0
121	0.0298706	0
122	0.0298706	0
123	0.0298705	0
124	0.0298704	0
125	0.0298704	0
126	0.0298703	0
127	0.0298703	0
128	0.0298702	0
129	0.0298702	0
130	0.0298701	0
131	0.0298701	0
132	0.0298701	0
133	0.02987	0
134	0.02987	0
135	0.0298699	0
136	0.0298699	0
137	0.0298698	0
138	0.0298698	0
139	0.0298698	0
140	0.0298697	0
141	0.0298697	0
142	0.0298697	0
143	0.0298696	0
144	0.0298696	0
145	0.0298695	0
146	0.0298695	0
147	0.0298695	0
148	0.0298694	0
149	0.0298694	0
150	0.0298694	0
151	0.0298694	0
152	0.0298693	0
153	0.0298693	0
154	0.0298693	0
155	0.0298692	0
156	0.0298692	0
157	0.0298692	0
158	0.0298692	0
159	0.0298691	0
160	0.0298691	0
161	0.0298691	0
162	0.0298691	0
163	0.029869	0
164	0.029869	0
165	0.029869	0
166	0.029869	0
167	0.0298689	0
168	0.0298689	0
169	0.0298689	0
170	0.0298689	0
171	0.0298689	0
172	0.0298688	0
173	0.0298688	0
174	0.0298688	0
175	0.0298688	0
176	0.0298688	0
177	0.0298687	0
178	0.0298687	0
179	0.0298687	0
180	0.0298687	0
181	0.0298687	0
182	0.0298686	0
183	0.0298686	0
184	0.0298686	0
185	0.0298686	0
186	0.0298686	0
187	0.0298686	0
188	0.0298685	0
189	0.0298685	0
190	0.0298685	0
191	0.0298685	0
192	0.0298685	0
193	0.0298685	0
194	0.0298685	0
195	0.0298684	0
196	0.0298684	0
197	0.0298684	0
198	0.0298684	0
199	0.0298684	0
200	0.0298684	0
201	0.0298684	0
202	0.0298683	0
203	0.0298683	0
204	0.0298683	0
205	0.0298683	0
206	0.0298683	0
207	0.0298683	0
208	0.0298683	0
209	0.0298683	0
210	0.0298682	0
211	0.0298682	0
212	0.0298682	0
213	0.0298682	0
214	0.0298682	0
215	0.0298682	0
216	0.0298682	0
217	0.0298682	0
218	0.0298681	0
219	0.0298681	0
220	0.0298681	0
221	0.0298681	0
222	0.0298681	0
223	0.0298681	0
224	0.0298681	0
225	0.0298681	0
226	0.0298681	0
227	0.0298681	0
228	0.029868	0
229	0.029868	0
230	0.029868	0
231	0.029868	0
232	0.029868	0
233	0.029868	0
234	0.029868	0
235	0.029868	0
236	0.029868	0
237	0.0298679	0
238	0.0298679	0
239	0.0298679	0
240	0.0298679	0
241	0.0298679	0
242	0.0298679	0
243	0.0298679	0
244	0.0298679	0
245	0.0298679	0
246	0.0298679	0
247	0.0298679	0
248	0.0298678	0
249	0.0298678	0
250	0.0298678	0
251	0.0298678	0
252	0.0298678	0
253	0.0298678	0
254	0.0298678	0
255	0.0298678	0
256	0.0298678	0
257	0.0298678	0
258	0.0298678	0
259	0.0298677	0
260	0.0298677	0
261	0.0298677	0
262	0.0298677	0
263	0.0298677	0
264	0.0298677	0
265	0.0298677	0
266	0.0298677	0
267	0.0298677	0
268	0.0298677	0
269	0.0298677	0
270	0.0298676	0
271	0.0298676	0
272	0.0298676	0
273	0.0298676	0
274	0.0298676	0
275	0.0298676	0
276	0.0298676	0
277	0.0298676	0
278	0.0298676	0
279	0.0298676	0
280	0.0298676	0
281	0.0298676	0
282	0.0298675	0
283	0.0298675	0
284	0.0298675	0
285	0.0298675	0
286	0.0298675	0
287	0.0298675	0
288	0.0298675	0
289	0.0298675	0
290	0.0298675	0
291	0.0298675	0
292	0.0298675	0
293	0.0298675	0
294	0.0298674	0
295	0.0298674	0
296	0.0298674	0
297	0.0298674	0
298	0.0298674	0
299	0.0298674	0
300	0.0298674	0
301	0.0298674	0
302	0.0298674	0
303	0.0298674	0
304	0.0298674	0
305	0.0298673	0
306	0.0298673	0
307	0.0298673	0
308	0.0298673	0
309	0.0298673	0
310	0.0298673	0
311	0.0298673	0
312	0.0298673	0
313	0.0298673	0
314	0.0298673	0
315	0.0298673	0
316	0.0298673	0
317	0.0298672	0
318	0.0298672	0
319	0.0298672	0
320	0.0298672	0
321	0.0298672	0
322	0.0298672	0
323	0.0298672	0
324	0.0298672	0
325	0.0298672	0
326	0.0298672	0
327	0.0298672	0
328	0.0298671	0
329	0.0298671	0
330	0.0298671	0
331	0.0298671	0
332	0.0298671	0
333	0.0298671	0
334	0.0298671	0
335	0.0298671	0
336	0.0298671	0
337	0.0298671	0
338	0.0298671	0
339	0.029867	0
340	0.029867	0
341	0.029867	0
342	0.029867	0
343	0.029867	0
344	0.029867	0
345	0.029867	0
346	0.029867	0
347	0.029867	0
348	0.029867	0
349	0.029867	0
350	0.0298669	0
351	0.0298669	0
352	0.0298669	0
353	0.0298669	0
354	0.0298669	0
355	0.0298669	0
356	0.0298669	0
357	0.0298669	0
358	0.0298669	0
359	0.0298669	0
360	0.0298669	0
361	0.0298668	0
362	0.0298668	0
363	0.0298668	0
364	0.0298668	0
365	0.0298668	0
366	0.0298668	0
367	0.0298668	0
368	0.0298668	0
369	0.0298668	0
370	0.0298668	0
371	0.0298667	0
372	0.0298667	0
373	0.0298667	0
374	0.0298667	0
375	0.0298667	0
376	0.0298667	0
377	0.0298667	0
378	0.0298667	0
379	0.0298667	0
380	0.0298667	0
381	0.0298667	0
382	0.0298666	0
383	0.0298666	0
384	0.0298666	0
385	0.0298666	0
386	0.0298666	0
387	0.0298666	0
388	0.0298666	0
389	0.0298666	0
390	0.0298666	0
391	0.0298666	0
392	0.0298665	0
393	0.0298665	0
394	0.0298665	0
395	0.0298665	0
396	0.0298665	0
397	0.0298665	0
398	0.0298665	0
399	0.0298665	0
400	0.0298665	0
401	0.0298665	0
402	0.0298664	0
403	0.0298664	0
404	0.0298664	0
405	0.0298664	0
406	0.0298664	0
407	0.0298664	0
408	0.0298664	0
409	0.0298664	0
410	0.0298664	0
411	0.0298664	0
412	0.0298663	0
413	0.0298663	0
414	0.0298663	0
415	0.0298663	0
416	0.0298663	0
417	0.0298663	0
418	0.0298663	0
419	0.0298663	0
420	0.0298663	0
421	0.0298663	0
422	0.0298662	0
423	0.0298662	0
424	0.0298662	0
425	0.0298662	0
426	0.0298662	0
427	0.0298662	0
428	0.0298662	0
429	0.0298662	0
430	0.0298662	0
431	0.0298662	0
432	0.0298661	0
433	0.0298661	0
434	0.0298661	0
435	0.0298661	0
436	0.0298661	0
437	0.0298661	0
438	0.0298661	0
439	0.0298661	0
440	0.0298661	0
441	0.029866	0
442	0.029866	0
443	0.029866	0
444	0.029866	0
445	0.029866	0
446	0.029866	0
447	0.029866	0
448	0.029866	0
449	0.029866	0
450	0.029866	0
451	0.0298659	0
452	0.0298659	0
453	0.0298659	0
454	0.0298659	0
455	0.0298659	0
456	0.0298659	0
457	0.0298659	0
458	0.0298659	0
459	0.0298659	0
460	0.0298658	0
461	0.0298658	0
462	0.0298658	0
463	0.0298658	0
464	0.0298658	0
465	0.0298658	0
466	0.0298658	0
467	0.0298658	0
468	0.0298658	0
469	0.0298658	0
470	0.0298657	0
471	0.0298657	0
472	0.0298657	0
473	0.0298657	0
474	0.0298657	0
475	0.0298657	0
476	0.0298657	0
477	0.0298657	0
478	0.0298657	0
479	0.0298656	0
480	0.0298656	0
481	0.0298656	0
482	0.0298656	0
483	0.0298656	0
484	0.0298656	0
485	0.0298656	0
486	0.0298656	0
487	0.0298656	0
488	0.0298655	0
489	0.0298655	0
490	0.0298655	0
491	0.0298655	0
492	0.0298655	0
493	0.0298655	0
494	0.0298655	0
495	0.0298655	0
496	0.0298655	0
497	0.0298654	0
498	0.0298654	0
499	0.0298654	0
500	0.0298654	0
501	0.0298654	0
502	0.0298654	0
503	0.0298654	0
504	0.0298654	0
505	0.0298654	0
506	0.0298653	0
507	0.0298653	0
508	0.0298653	0
509	0.0298653	0
510	0.0298653	0
511	0.0298653	0
512	0.0298653	0
513	0.0298653	0
514	0.0298653	0
515	0.0298653	0
516	0.0298652	0
517	0.0298652	0
518	0.0298652	0
519	0.0298652	0
520	0.0298652	0
521	0.0298652	0
522	0.0298652	0
523	0.0298652	0
524	0.0298652	0
525	0.0298651	0
526	0.0298651	0
527	0.0298651	0
528	0.0298651	0
529	0.0298651	0
530	0.0298651	0
531	0.0298651	0
532	0.0298651	0
533	0.029865	0
534	0.029865	0
535	0.029865	0
536	0.029865	0
537	0.029865	0
538	0.029865	0
539	0.029865	0
540	0.029865	0
541	0.029865	0
542	0.0298649	0
543	0.0298649	0
544	0.0298649	0
545	0.0298649	0
546	0.0298649	0
547	0.0298649	0
548	0.0298649	0
549	0.0298649	0
550	0.0298649	0
551	0.0298648	0
552	0.0298648	0
553	0.0298648	0
554	0.0298648	0
555	0.0298648	0
556	0.0298648	0
557	0.0298648	0
558	0.0298648	0
559	0.0298648	0
560	0.0298647	0
561	0.0298647	0
562	0.0298647	0
563	0.0298647	0
564	0.0298647	0
565	0.0298647	0
566	0.0298647	0
567	0.0298647	0
568	0.0298647	0
569	0.0298646	0
570	0.0298646	0
571	0.0298646	0
572	0.0298646	0
573	0.0298646	0
574	0.0298646	0
575	0.0298646	0
576	0.0298646	0
577	0.0298646	0
578	0.0298645	0
579	0.0298645	0
580	0.0298645	0
581	0.0298645	0
582	0.0298645	0
583	0.0298645	0
584	0.0298645	0
585	0.0298645	0
586	0.0298645	0
587	0.0298644	0
588	0.0298644	0
589	0.0298644	0
590	0.0298644	0
591	0.0298644	0
592	0.0298644	0
593	0.0298644	0
594	0.0298644	0
595	0.0298643	0
596	0.0298643	0
597	0.0298643	0
598	0.0298643	0
599	0.0298643	0
600	0.0298643	0
601	0.0298643	0
602	0.0298643	0
603	0.0298643	0
604	0.0298642	0
605	0.0298642	0
606	0.0298642	0
607	0.0298642	0
608	0.0298642	0
609	0.0298642	0
610	0.0298642	0
611	0.0298642	0
612	0.0298642	0
613	0.0298641	0
614	0.0298641	0
615	0.0298641	0
616	0.0298641	0
617	0.0298641	0
618	0.0298641	0
619	0.0298641	0
620	0.0298641	0
621	0.0298641	0
622	0.029864	0
623	0.029864	0
624	0.029864	0
625	0.029864	0
626	0.029864	0
627	0.029864	0
628	0.029864	0
629	0.029864	0
630	0.0298639	0
631	0.0298639	0
632	0.0298639	0
633	0.0298639	0
634	0.0298639	0
635	0.0298639	0
636	0.0298639	0
637	0.0298639	0
638	0.0298639	0
639	0.0298638	0
640	0.0298638	0
641	0.0298638	0
642	0.0298638	0
643	0.0298638	0
644	0.0298638	0
645	0.0298638	0
646	0.0298638	0
647	0.0298638	0
648	0.0298637	0
649	0.0298637	0
650	0.0298637	0
651	0.0298637	0
652	0.0298637	0
653	0.0298637	0
654	0.0298637	0
655	0.0298637	0
656	0.0298636	0
657	0.0298636	0
658	0.0298636	0
659	0.0298636	0
660	0.0298636	0
661	0.0298636	0
662	0.0298636	0
663	0.0298636	0
664	0.0298636	0
665	0.0298635	0
666	0.0298635	0
667	0.0298635	0
668	0.0298635	0
669	0.0298635	0
670	0.0298635	0
671	0.0298635	0
672	0.0298635	0
673	0.0298635	0
674	0.0298634	0
675	0.0298634	0
676	0.0298634	0
677	0.0298634	0
678	0.0298634	0
679	0.0298634	0
680	0.0298634	0
681	0.0298634	0
682	0.0298634	0
683	0.0298633	0
684	0.0298633	0
685	0.0298633	0
686	0.0298633	0
687	0.0298633	0
688	0.0298633	0
689	0.0298633	0
690	0.0298633	0
691	0.0298632	0
692	0.0298632	0
693	0.0298632	0
694	0.0298632	0
695	0.0298632	0
696	0.0298632	0
697	0.0298632	0
698	0.0298632	0
699	0.0298632	0
700	0.0298631	0
701	0.0298631	0
702	0.0298631	0
703	0.0298631	0
704	0.0298631	0
705	0.0298631	0
706	0.0298631	0
707	0.0298631	0
708	0.0298631	0
709	0.029863	0
710	0.029863	0
711	0.029863	0
712	0.029863	0
713	0.029863	0
714	0.029863	0
715	0.029863	0
716	0.029863	0
717	0.029863	0
718	0.0298629	0
719	0.0298629	0
720	0.0298629	0
721	0.0298629	0
722	0.0298629	0
723	0.0298629	0
724	0.0298629	0
725	0.0298629	0
726	0.0298628	0
727	0.0298628	0
728	0.0298628	0
729	0.0298628	0
730	0.0298628	0
731	0.0298628	0
732	0.0298628	0
733	0.0298628	0
734	0.0298628	0
735	0.0298627	0
736	0.0298627	0
737	0.0298627	0
738	0.0298627	0
739	0.0298627	0
740	0.0298627	0
741	0.0298627	0
742	0.0298627	0
743	0.0298627	0
744	0.0298626	0
745	0.0298626	0
746	0.0298626	0
747	0.0298626	0
748	0.0298626	0
749	0.0298626	0
750	0.0298626	0
751	0.0298626	0
752	0.0298626	0
753	0.0298625	0
754	0.0298625	0
755	0.0298625	0
756	0.0298625	0
757	0.0298625	0
758	0.0298625	0
759	0.0298625	0
760	0.0298625	0
761	0.0298625	0
762	0.0298624	0
763	0.0298624	0
764	0.0298624	0
765	0.0298624	0
766	0.0298624	0
767	0.0298624	0
768	0.0298624	0
769	0.0298624	0
770	0.0298623	0
771	0.0298623	0
772	0.0298623	0
773	0.0298623	0
774	0.0298623	0
775	0.0298623	0
776	0.0298623	0
777	0.0298623	0
778	0.0298623	0
779	0.0298622	0
780	0.0298622	0
781	0.0298622	0
782	0.0298622	0
783	0.0298622	0
784	0.0298622	0
785	0.0298622	0
786	0.0298622	0
787	0.0298622	0
788	0.0298621	0
789	0.0298621	0
790	0.0298621	0
791	0.0298621	0
792	0.0298621	0
793	0.0298621	0
794	0.0298621	0
795	0.0298621	0
796	0.0298621	0
797	0.029862	0
798	0.029862	0
799	0.029862	0
800	0.029862	0
801	0.029862	0
802	0.029862	0
803	0.029862	0
804	0.029862	0
805	0.029862	0
806	0.0298619	0
807	0.0298619	0
808	0.0298619	0
809	0.0298619	0
810	0.0298619	0
811	0.0298619	0
812	0.0298619	0
813	0.0298619	0
814	0.0298619	0
815	0.0298618	0
816	0.0298618	0
817	0.0298618	0
818	0.0298618	0
819	0.0298618	0
820	0.0298618	0
821	0.0298618	0
822	0.0298618	0
823	0.0298618	0
824	0.0298617	0
825	0.0298617	0
826	0.0298617	0
827	0.0298617	0
828	0.0298617	0
829	0.0298617	0
830	0.0298617	0
831	0.0298617	0
832	0.0298617	0
833	0.0298616	0
834	0.0298616	0
835	0.0298616	0
836	0.0298616	0
837	0.0298616	0
838	0.0298616	0
839	0.0298616	0
840	0.0298616	0
841	0.0298616	0
842	0.0298615	0
843	0.0298615	0
844	0.0298615	0
845	0.0298615	0
846	0.0298615	0
847	0.0298615	0
848	0.0298615	0
849	0.0298615	0
850	0.0298615	0
851	0.0298614	0
852	0.0298614	0
853	0.0298614	0
854	0.0298614	0
855	0.0298614	0
856	0.0298614	0
857	0.0298614	0
858	0.0298614	0
859	0.0298614	0
860	0.0298613	0
861	0.0298613	0
862	0.0298613	0
863	0.0298613	0
864	0.0298613	0
865	0.0298613	0
866	0.0298613	0
867	0.0298613	0
868	0.0298613	0
869	0.0298612	0
870	0.0298612	0
871	0.0298612	0
872	0.0298612	0
873	0.0298612	0
874	0.0298612	0
875	0.0298612	0
876	0.0298612	0
877	0.0298612	0
878	0.0298611	0
879	0.0298611	0
880	0.0298611	0
881	0.0298611	0
882	0.0298611	0
883	0.0298611	0
884	0.0298611	0
885	0.0298611	0
886	0.0298611	0
887	0.029861	0
888	0.029861	0
889	0.029861	0
890	0.029861	0
891	0.029861	0
892	0.029861	0
893	0.029861	0
894	0.029861	0
895	0.029861	0
896	0.0298609	0
897	0.0298609	0
898	0.0298609	0
899	0.0298609	0
900	0.0298609	0
901	0.0298609	0
902	0.0298609	0
903	0.0298609	0
904	0.0298609	0
905	0.0298609	0
906	0.0298608	0
907	0.0298608	0
908	0.0298608	0
909	0.0298608	0
910	0.0298608	0
911	0.0298608	0
912	0.0298608	0
913	0.0298608	0
914	0.0298608	0
915	0.0298607	0
916	0.0298607	0
917	0.0298607	0
918	0.0298607	0
919	0.0298607	0
920	0.0298607	0
921	0.0298607	0
922	0.0298607	0
923	0.0298607	0
924	0.0298606	0
925	0.0298606	0
926	0.0298606	0
927	0.0298606	0
928	0.0298606	0
929	0.0298606	0
930	0.0298606	0
931	0.0298606	0
932	0.0298606	0
933	0.0298605	0
934	0.0298605	0
935	0.0298605	0
936	0.0298605	0
937	0.0298605	0
938	0.0298605	0
939	0.0298605	0
940	0.0298605	0
941	0.0298605	0
942	0.0298605	0
943	0.0298604	0
944	0.0298604	0
945	0.0298604	0
946	0.0298604	0
947	0.0298604	0
948	0.0298604	0
949	0.0298604	0
950	0.0298604	0
951	0.0298604	0
952	0.0298603	0
953	0.0298603	0
954	0.0298603	0
955	0.0298603	0
956	0.0298603	0
957	0.0298603	0
958	0.0298603	0
959	0.0298603	0
960	0.0298603	0
961	0.0298602	0
962	0.0298602	0
963	0.0298602	0
964	0.0298602	0
965	0.0298602	0
966	0.0298602	0
967	0.0298602	0
968	0.0298602	0
969	0.0298602	0
970	0.0298602	0
971	0.0298601	0
972	0.0298601	0
973	0.0298601	0
974	0.0298601	0
975	0.0298601	0
976	0.0298601	0
977	0.0298601	0
978	0.0298601	0
979	0.0298601	0
980	0.02986	0
981	0.02986	0
982	0.02986	0
983	0.02986	0
984	0.02986	0
985	0.02986	0
986	0.02986	0
987	0.02986	0
988	0.02986	0
989	0.02986	0
990	0.0298599	0
991	0.0298599	0
992	0.0298599	0
993	0.0298599	0
994	0.0298599	0
995	0.0298599	0
996	0.0298599	0
997	0.0298599	0
998	0.0298599	0
999	0.0298598	0
1000	0.0298598	0
