1	0.346676	0
2	0.324989	0
3	0.313712	0
4	0.308053	0
5	0.304495	0
6	0.30172	0
7	0.299345	0
8	0.297264	0
9	0.295437	0
10	0.293833	0
11	0.292421	0
12	0.291172	0
13	0.290057	0
14	0.289051	0
15	0.288132	0
16	0.287281	0
17	0.286482	0
18	0.285721	0
19	0.284988	0
20	0.284271	0
21	0.283563	0
22	0.282857	0
23	0.282145	0
24	0.281421	0
25	0.280681	0
26	0.279919	0
27	0.279129	0
28	0.278308	0
29	0.27745	0
30	0.276551	0
31	0.275605	0
32	0.274609	0
33	0.273557	0
34	0.272444	0
35	0.271267	0
36	0.270022	0
37	0.268705	0
38	0.267314	0
39	0.265847	0
40	0.264305	0
41	0.262688	0
42	0.261001	0
43	0.259248	0
44	0.257437	0
45	0.255579	0
46	0.253684	0
47	0.251767	0
48	0.249841	0
49	0.24792	0
50	0.24602	0
51	0.244153	0
52	0.242331	0
53	0.240562	0
54	0.238853	0
55	0.237208	0
56	0.23563	0
57	0.234118	0
58	0.232671	0
59	0.231285	0
60	0.229956	0
61	0.22868	0
62	0.227452	0
63	0.226268	0
64	0.225121	0
65	0.224009	0
66	0.222926	0
67	0.221868	0
68	0.220833	0
69	0.219817	0
70	0.218817	0
71	0.21783	0
72	0.216855	0
73	0.215891	0
74	0.214934	0
75	0.213984	0
76	0.21304	0
77	0.212101	0
78	0.211165	0
79	0.210232	0
80	0.209302	0
81	0.208374	0
82	0.207447	0
83	0.206521	0
84	0.205595	0
85	0.204671	0
86	0.203746	0
87	0.202821	0
88	0.201896	0
89	0.200971	0
90	0.200045	0
91	0.199118	0
92	0.198191	0
93	0.197263	0
94	0.196334	0
95	0.195405	0
96	0.194474	0
97	0.193542	0
98	0.19261	0
99	0.191676	0
100	0.190741	0
101	0.189805	0
102	0.188868	0
103	0.18793	0
104	0.18699	0
105	0.18605	0
106	0.185108	0
107	0.184166	0
108	0.183222	0
109	0.182277	0
110	0.181331	0
111	0.180384	0
112	0.179436	0
113	0.178487	0
114	0.177537	0
115	0.176586	0
116	0.175634	0
117	0.174681	0
118	0.173728	0
119	0.172773	0
120	0.171818	0
121	0.170862	0
122	0.169905	0
123	0.168948	0
124	0.16799	0
125	0.167031	0
126	0.166072	0
127	0.165113	0
128	0.164153	0
129	0.163192	0
130	0.162232	0
131	0.161271	0
132	0.16031	0
133	0.159349	0
134	0.158388	0
135	0.157427	0
136	0.156466	0
137	0.155505	0
138	0.154544	0
139	0.153584	0
140	0.152624	0
141	0.151665	0
142	0.150706	0
143	0.149747	0
144	0.148789	0
145	0.147832	0
146	0.146876	0
147	0.145921	0
148	0.144967	0
149	0.144014	0
150	0.143061	0
151	0.142111	0
152	0.141161	0
153	0.140213	0
154	0.139266	0
155	0.138321	0
156	0.137378	0
157	0.136436	0
158	0.135496	0
159	0.134558	0
160	0.133622	0
161	0.132688	0
162	0.131756	0
163	0.130827	0
164	0.1299	0
165	0.128975	0
166	0.128052	0
167	0.127132	0
168	0.126215	0
169	0.125301	0
170	0.124389	0
171	0.12348	0
172	0.122575	0
173	0.121672	0
174	0.120772	0
175	0.119876	0
176	0.118982	0
177	0.118093	0
178	0.117206	0
179	0.116323	0
180	0.115444	0
181	0.114568	0
182	0.113696	0
183	0.112828	0
184	0.111964	0
185	0.111103	0
186	0.110247	0
187	0.109394	0
188	0.108546	0
189	0.107701	0
190	0.106861	0
191	0.106025	0
192	0.105194	0
193	0.104367	0
194	0.103544	0
195	0.102726	0
196	0.101912	0
197	0.101103	0
198	0.100299	0
199	0.099499	0
200	0.0987039	0
201	0.0979135	0
202	0.0971279	0
203	0.0963472	0
204	0.0955713	0
205	0.0948002	0
206	0.0940342	0
207	0.093273	0
208	0.0925169	0
209	0.0917657	0
210	0.0910196	0
211	0.0902785	0
212	0.0895426	0
213	0.0888117	0
214	0.088086	0
215	0.0873653	0
216	0.0866499	0
217	0.0859396	0
218	0.0852345	0
219	0.0845346	0
220	0.0838399	0
221	0.0831504	0
222	0.0824661	0
223	0.0817871	0
224	0.0811133	0
225	0.0804447	0
226	0.0797814	0
227	0.0791232	0
228	0.0784704	0
229	0.0778227	0
230	0.0771803	0
231	0.076543	0
232	0.075911	0
233	0.0752843	0
234	0.0746627	0
235	0.0740462	0
236	0.073435	0
237	0.0728289	0
238	0.072228	0
239	0.0716322	0
240	0.0710416	0
241	0.070456	0
242	0.0698755	0
243	0.0693001	0
244	0.0687298	0
245	0.0681645	0
246	0.0676042	0
247	0.0670489	0
248	0.0664985	0
249	0.0659531	0
250	0.0654126	0
251	0.064877	0
252	0.0643463	0
253	0.0638205	0
254	0.0632994	0
255	0.0627832	0
256	0.0622717	0
257	0.0617649	0
258	0.0612629	0
259	0.0607656	0
260	0.0602728	0
261	0.0597848	0
262	0.0593013	0
263	0.0588224	0
264	0.058348	0
265	0.0578781	0
266	0.0574126	0
267	0.0569517	0
268	0.0564951	0
269	0.0560429	0
270	0.055595	0
271	0.0551514	0
272	0.0547121	0
273	0.0542771	0
274	0.0538463	0
275	0.0534196	0
276	0.0529971	0
277	0.0525786	0
278	0.0521643	0
279	0.051754	0
280	0.0513477	0
281	0.0509453	0
282	0.050547	0
283	0.0501525	0
284	0.0497618	0
285	0.049375	0
286	0.0489921	0
287	0.0486128	0
288	0.0482373	0
289	0.0478656	0
290	0.0474974	0
291	0.0471329	0
292	0.046772	0
293	0.0464147	0
294	0.0460609	0
295	0.0457106	0
296	0.0453637	0
297	0.0450203	0
298	0.0446803	0
299	0.0443436	0
300	0.0440103	0
301	0.0436802	0
302	0.0433535	0
303	0.0430299	0
304	0.0427096	0
305	0.0423924	0
306	0.0420784	0
307	0.0417675	0
308	0.0414596	0
309	0.0411548	0
310	0.040853	0
311	0.0405542	0
312	0.0402583	0
313	0.0399654	0
314	0.0396753	0
315	0.0393881	0
316	0.0391037	0
317	0.0388221	0
318	0.0385433	0
319	0.0382673	0
320	0.0379939	0
321	0.0377232	0
322	0.0374552	0
323	0.0371898	0
324	0.036927	0
325	0.0366668	0
326	0.0364091	0
327	0.036154	0
328	0.0359013	0
329	0.0356511	0
330	0.0354033	0
331	0.035158	0
332	0.034915	0
333	0.0346743	0
334	0.0344361	0
335	0.0342001	0
336	0.0339664	0
337	0.0337349	0
338	0.0335057	0
339	0.0332787	0
340	0.0330539	0
341	0.0328312	0
342	0.0326107	0
343	0.0323923	0
344	0.0321759	0
345	0.0319617	0
346	0.0317495	0
347	0.0315393	0
348	0.0313311	0
349	0.0311249	0
350	0.0309206	0
351	0.0307183	0
352	0.0305179	0
353	0.0303194	0
354	0.0301227	0
355	0.0299279	0
356	0.0297349	0
357	0.0295438	0
358	0.0293544	0
359	0.0291668	0
360	0.028981	0
361	0.0287969	0
362	0.0286144	0
363	0.0284337	0
364	0.0282547	0
365	0.0280773	0
366	0.0279016	0
367	0.0277275	0
368	0.0275549	0
369	0.027384	0
370	0.0272146	0
371	0.0270468	0
372	0.0268805	0
373	0.0267158	0
374	0.0265525	0
375	0.0263907	0
376	0.0262304	0
377	0.0260715	0
378	0.0259141	0
379	0.0257581	0
380	0.0256035	0
381	0.0254502	0
382	0.0252984	0
383	0.0251479	0
384	0.0249987	0
385	0.0248509	0
386	0.0247044	0
387	0.0245592	0
388	0.0244153	0
389	0.0242726	0
390	0.0241312	0
391	0.0239911	0
392	0.0238522	0
393	0.0237145	0
394	0.023578	0
395	0.0234427	0
396	0.0233086	0
397	0.0231756	0
398	0.0230438	0
399	0.0229131	0
400	0.0227836	0
401	0.0226552	0
402	0.0225279	0
403	0.0224016	0
404	0.0222765	0
405	0.0221524	0
406	0.0220294	0
407	0.0219074	0
408	0.0217865	0
409	0.0216666	0
410	0.0215477	0
411	0.0214298	0
412	0.0213129	0
413	0.021197	0
414	0.0210821	0
415	0.0209681	0
416	0.020855	0
417	0.020743	0
418	0.0206318	0
419	0.0205216	0
420	0.0204122	0
421	0.0203038	0
422	0.0201963	0
423	0.0200896	0
424	0.0199839	0
425	0.0198789	0
426	0.0197749	0
427	0.0196717	0
428	0.0195693	0
429	0.0194678	0
430	0.0193671	0
431	0.0192672	0
432	0.0191681	0
433	0.0190698	0
434	0.0189723	0
435	0.0188755	0
436	0.0187796	0
437	0.0186844	0
438	0.0185899	0
439	0.0184963	0
440	0.0184033	0
441	0.0183111	0
442	0.0182196	0
443	0.0181288	0
444	0.0180388	0
445	0.0179494	0
446	0.0178608	0
447	0.0177728	0
448	0.0176855	0
449	0.0175989	0
450	0.017513	0
451	0.0174277	0
452	0.0173431	0
453	0.0172591	0
454	0.0171758	0
455	0.0170931	0
456	0.0170111	0
457	0.0169296	0
458	0.0168488	0
459	0.0167686	0
460	0.016689	0
461	0.01661	0
462	0.0165316	0
463	0.0164538	0
464	0.0163766	0
465	0.0163	0
466	0.0162239	0
467	0.0161484	0
468	0.0160734	0
469	0.015999	0
470	0.0159252	0
471	0.0158519	0
472	0.0157791	0
473	0.0157069	0
474	0.0156352	0
475	0.015564	0
476	0.0154934	0
477	0.0154233	0
478	0.0153536	0
479	0.0152845	0
480	0.0152159	0
481	0.0151477	0
482	0.0150801	0
483	0.0150129	0
484	0.0149463	0
485	0.0148801	0
486	0.0148144	0
487	0.0147491	0
488	0.0146843	0
489	0.01462	0
490	0.0145561	0
491	0.0144927	0
492	0.0144297	0
493	0.0143671	0
494	0.014305	0
495	0.0142434	0
496	0.0141821	0
497	0.0141213	0
498	0.0140609	0
499	0.0140009	0
500	0.0139414	0
501	0.0138822	0
502	0.0138235	0
503	0.0137652	0
504	0.0137072	0
505	0.0136497	0
506	0.0135925	0
507	0.0135358	0
508	0.0134794	0
509	0.0134234	0
510	0.0133678	0
511	0.0133125	0
512	0.0132577	0
513	0.0132032	0
514	0.013149	0
515	0.0130953	0
516	0.0130418	0
517	0.0129888	0
518	0.0129361	0
519	0.0128837	0
520	0.0128317	0
521	0.01278	0
522	0.0127287	0
523	0.0126777	0
524	0.0126271	0
525	0.0125767	0
526	0.0125267	0
527	0.0124771	0
528	0.0124277	0
529	0.0123787	0
530	0.01233	0
531	0.0122816	0
532	0.0122335	0
533	0.0121857	0
534	0.0121382	0
535	0.0120911	0
536	0.0120442	0
537	0.0119976	0
538	0.0119514	0
539	0.0119054	0
540	0.0118597	0
541	0.0118143	0
542	0.0117692	0
543	0.0117244	0
544	0.0116798	0
545	0.0116355	0
546	0.0115916	0
547	0.0115478	0
548	0.0115044	0
549	0.0114612	0
550	0.0114183	0
551	0.0113757	0
552	0.0113333	0
553	0.0112912	0
554	0.0112493	0
555	0.0112077	0
556	0.0111664	0
557	0.0111253	0
558	0.0110844	0
559	0.0110438	0
560	0.0110035	0
561	0.0109634	0
562	0.0109235	0
563	0.0108839	0
564	0.0108445	0
565	0.0108053	0
566	0.0107664	0
567	0.0107277	0
568	0.0106893	0
569	0.010651	0
570	0.0106131	0
571	0.0105753	0
572	0.0105377	0
573	0.0105004	0
574	0.0104633	0
575	0.0104264	0
576	0.0103897	0
577	0.0103533	0
578	0.010317	0
579	0.010281	0
580	0.0102452	0
581	0.0102096	0
582	0.0101742	0
583	0.010139	0
584	0.010104	0
585	0.0100692	0
586	0.0100346	0
587	0.0100002	0
588	0.00996595	0
589	0.00993194	0
590	0.00989813	0
591	0.00986451	0
592	0.00983108	0
593	0.00979783	0
594	0.00976478	0
595	0.00973191	0
596	0.00969923	0
597	0.00966673	0
598	0.00963441	0
599	0.00960228	0
600	0.00957032	0
601	0.00953854	0
602	0.00950694	0
603	0.00947552	0
604	0.00944427	0
605	0.00941319	0
606	0.00938228	0
607	0.00935154	0
608	0.00932098	0
609	0.00929058	0
610	0.00926034	0
611	0.00923027	0
612	0.00920037	0
613	0.00917063	0
614	0.00914105	0
615	0.00911163	0
616	0.00908237	0
617	0.00905326	0
618	0.00902432	0
619	0.00899553	0
620	0.00896689	0
621	0.00893841	0
622	0.00891008	0
623	0.0088819	0
624	0.00885388	0
625	0.008826	0
626	0.00879827	0
627	0.00877068	0
628	0.00874324	0
629	0.00871595	0
630	0.0086888	0
631	0.00866179	0
632	0.00863493	0
633	0.0086082	0
634	0.00858162	0
635	0.00855517	0
636	0.00852886	0
637	0.00850269	0
638	0.00847665	0
639	0.00845075	0
640	0.00842498	0
641	0.00839935	0
642	0.00837384	0
643	0.00834847	0
644	0.00832323	0
645	0.00829812	0
646	0.00827313	0
647	0.00824827	0
648	0.00822354	0
649	0.00819894	0
650	0.00817446	0
651	0.0081501	0
652	0.00812587	0
653	0.00810175	0
654	0.00807776	0
655	0.00805389	0
656	0.00803014	0
657	0.00800651	0
658	0.007983	0
659	0.0079596	0
660	0.00793632	0
661	0.00791316	0
662	0.00789011	0
663	0.00786717	0
664	0.00784435	0
665	0.00782164	0
666	0.00779904	0
667	0.00777656	0
668	0.00775418	0
669	0.00773191	0
670	0.00770975	0
671	0.0076877	0
672	0.00766576	0
673	0.00764392	0
674	0.00762219	0
675	0.00760057	0
676	0.00757905	0
677	0.00755763	0
678	0.00753631	0
679	0.0075151	0
680	0.00749399	0
681	0.00747298	0
682	0.00745207	0
683	0.00743127	0
684	0.00741056	0
685	0.00738994	0
686	0.00736943	0
687	0.00734901	0
688	0.00732869	0
689	0.00730847	0
690	0.00728834	0
691	0.00726831	0
692	0.00724837	0
693	0.00722852	0
694	0.00720877	0
695	0.00718911	0
696	0.00716954	0
697	0.00715006	0
698	0.00713067	0
699	0.00711137	0
700	0.00709216	0
701	0.00707304	0
702	0.00705401	0
703	0.00703506	0
704	0.0070162	0
705	0.00699743	0
706	0.00697875	0
707	0.00696015	0
708	0.00694163	0
709	0.0069232	0
710	0.00690486	0
711	0.00688659	0
712	0.00686841	0
713	0.00685031	0
714	0.0068323	0
715	0.00681436	0
716	0.00679651	0
717	0.00677873	0
718	0.00676104	0
719	0.00674342	0
720	0.00672588	0
721	0.00670842	0
722	0.00669104	0
723	0.00667374	0
724	0.00665651	0
725	0.00663936	0
726	0.00662229	0
727	0.00660529	0
728	0.00658837	0
729	0.00657152	0
730	0.00655474	0
731	0.00653804	0
732	0.00652141	0
733	0.00650485	0
734	0.00648837	0
735	0.00647196	0
736	0.00645562	0
737	0.00643935	0
738	0.00642315	0
739	0.00640702	0
740	0.00639096	0
741	0.00637497	0
742	0.00635905	0
743	0.00634319	0
744	0.00632741	0
745	0.00631169	0
746	0.00629604	0
747	0.00628046	0
748	0.00626494	0
749	0.00624949	0
750	0.00623411	0
751	0.00621879	0
752	0.00620353	0
753	0.00618834	0
754	0.00617321	0
755	0.00615815	0
756	0.00614315	0
757	0.00612822	0
758	0.00611334	0
759	0.00609853	0
760	0.00608378	0
761	0.0060691	0
762	0.00605447	0
763	0.0060399	0
764	0.0060254	0
765	0.00601095	0
766	0.00599657	0
767	0.00598224	0
768	0.00596798	0
769	0.00595377	0
770	0.00593962	0
771	0.00592553	0
772	0.00591149	0
773	0.00589752	0
774	0.0058836	0
775	0.00586974	0
776	0.00585593	0
777	0.00584218	0
778	0.00582849	0
779	0.00581485	0
780	0.00580127	0
781	0.00578774	0
782	0.00577427	0
783	0.00576085	0
784	0.00574748	0
785	0.00573417	0
786	0.00572091	0
787	0.00570771	0
788	0.00569456	0
789	0.00568146	0
790	0.00566841	0
791	0.00565541	0
792	0.00564247	0
793	0.00562958	0
794	0.00561673	0
795	0.00560394	0
796	0.0055912	0
797	0.00557851	0
798	0.00556587	0
799	0.00555328	0
800	0.00554074	0
801	0.00552825	0
802	0.00551581	0
803	0.00550341	0
804	0.00549107	0
805	0.00547877	0
806	0.00546652	0
807	0.00545432	0
808	0.00544216	0
809	0.00543005	0
810	0.00541799	0
811	0.00540598	0
812	0.00539401	0
813	0.00538208	0
814	0.00537021	0
815	0.00535838	0
816	0.00534659	0
817	0.00533485	0
818	0.00532315	0
819	0.0053115	0
820	0.00529989	0
821	0.00528833	0
822	0.00527681	0
823	0.00526533	0
824	0.0052539	0
825	0.00524251	0
826	0.00523117	0
827	0.00521986	0
828	0.0052086	0
829	0.00519738	0
830	0.00518621	0
831	0.00517507	0
832	0.00516398	0
833	0.00515293	0
834	0.00514192	0
835	0.00513095	0
836	0.00512002	0
837	0.00510913	0
838	0.00509828	0
839	0.00508748	0
840	0.00507671	0
841	0.00506598	0
842	0.00505529	0
843	0.00504464	0
844	0.00503403	0
845	0.00502346	0
846	0.00501293	0
847	0.00500243	0
848	0.00499198	0
849	0.00498156	0
850	0.00497118	0
851	0.00496084	0
852	0.00495053	0
853	0.00494027	0
854	0.00493004	0
855	0.00491984	0
856	0.00490969	0
857	0.00489957	0
858	0.00488948	0
859	0.00487944	0
860	0.00486942	0
861	0.00485945	0
862	0.00484951	0
863	0.00483961	0
864	0.00482974	0
865	0.0048199	0
866	0.00481011	0
867	0.00480034	0
868	0.00479061	0
869	0.00478092	0
870	0.00477126	0
871	0.00476163	0
872	0.00475204	0
873	0.00474248	0
874	0.00473296	0
875	0.00472347	0
876	0.00471401	0
877	0.00470458	0
878	0.00469519	0
879	0.00468583	0
880	0.0046765	0
881	0.00466721	0
882	0.00465795	0
883	0.00464872	0
884	0.00463952	0
885	0.00463036	0
886	0.00462122	0
887	0.00461212	0
888	0.00460305	0
889	0.00459401	0
890	0.004585	0
891	0.00457602	0
892	0.00456707	0
893	0.00455816	0
894	0.00454927	0
895	0.00454042	0
896	0.00453159	0
897	0.0045228	0
898	0.00451403	0
899	0.00450529	0
900	0.00449659	0
901	0.00448791	0
902	0.00447926	0
903	0.00447065	0
904	0.00446206	0
905	0.0044535	0
906	0.00444497	0
907	0.00443646	0
908	0.00442799	0
909	0.00441955	0
910	0.00441113	0
911	0.00440274	0
912	0.00439438	0
913	0.00438604	0
914	0.00437774	0
915	0.00436946	0
916	0.00436121	0
917	0.00435299	0
918	0.00434479	0
919	0.00433662	0
920	0.00432848	0
921	0.00432037	0
922	0.00431228	0
923	0.00430422	0
924	0.00429618	0
925	0.00428817	0
926	0.00428019	0
927	0.00427223	0
928	0.0042643	0
929	0.0042564	0
930	0.00424852	0
931	0.00424066	0
932	0.00423284	0
933	0.00422503	0
934	0.00421726	0
935	0.00420951	0
936	0.00420178	0
937	0.00419408	0
938	0.0041864	0
939	0.00417875	0
940	0.00417112	0
941	0.00416352	0
942	0.00415594	0
943	0.00414838	0
944	0.00414085	0
945	0.00413335	0
946	0.00412586	0
947	0.0041184	0
948	0.00411097	0
949	0.00410356	0
950	0.00409617	0
951	0.00408881	0
952	0.00408146	0
953	0.00407415	0
954	0.00406685	0
955	0.00405958	0
956	0.00405233	0
957	0.00404511	0
958	0.0040379	0
959	0.00403072	0
960	0.00402356	0
961	0.00401643	0
962	0.00400931	0
963	0.00400222	0
964	0.00399515	0
965	0.00398811	0
966	0.00398108	0
967	0.00397408	0
968	0.00396709	0
969	0.00396013	0
970	0.0039532	0
971	0.00394628	0
972	0.00393938	0
973	0.00393251	0
974	0.00392565	0
975	0.00391882	0
976	0.00391201	0
977	0.00390522	0
978	0.00389845	0
979	0.0038917	0
980	0.00388497	0
981	0.00387826	0
982	0.00387158	0
983	0.00386491	0
984	0.00385826	0
985	0.00385164	0
986	0.00384503	0
987	0.00383844	0
988	0.00383188	0
989	0.00382533	0
990	0.0038188	0
991	0.0038123	0
992	0.00380581	0
993	0.00379934	0
994	0.00379289	0
995	0.00378646	0
996	0.00378005	0
997	0.00377366	0
998	0.00376729	0
999	0.00376093	0
1000	0.0037546	0
