1	0.303165	0
2	0.287028	0
3	0.278562	0
4	0.272375	0
5	0.267128	0
6	0.26252	0
7	0.258442	0
8	0.254824	0
9	0.251599	0
10	0.248705	0
11	0.246084	0
12	0.243686	0
13	0.241468	0
14	0.239393	0
15	0.237432	0
16	0.235561	0
17	0.233762	0
18	0.232021	0
19	0.230325	0
20	0.228666	0
21	0.227038	0
22	0.225434	0
23	0.22385	0
24	0.222285	0
25	0.220733	0
26	0.219195	0
27	0.217669	0
28	0.216152	0
29	0.214645	0
30	0.213146	0
31	0.211655	0
32	0.210172	0
33	0.208695	0
34	0.207225	0
35	0.205761	0
36	0.204303	0
37	0.202852	0
38	0.201405	0
39	0.199965	0
40	0.198529	0
41	0.197099	0
42	0.195674	0
43	0.194254	0
44	0.19284	0
45	0.19143	0
46	0.190025	0
47	0.188625	0
48	0.18723	0
49	0.18584	0
50	0.184454	0
51	0.183073	0
52	0.181698	0
53	0.180326	0
54	0.17896	0
55	0.177599	0
56	0.176242	0
57	0.17489	0
58	0.173543	0
59	0.172201	0
60	0.170864	0
61	0.169531	0
62	0.168204	0
63	0.166881	0
64	0.165564	0
65	0.164252	0
66	0.162945	0
67	0.161643	0
68	0.160346	0
69	0.159054	0
70	0.157768	0
71	0.156487	0
72	0.155212	0
73	0.153941	0
74	0.152677	0
75	0.151418	0
76	0.150165	0
77	0.148917	0
78	0.147675	0
79	0.14644	0
80	0.145209	0
81	0.143985	0
82	0.142767	0
83	0.141555	0
84	0.140349	0
85	0.13915	0
86	0.137956	0
87	0.136769	0
88	0.135589	0
89	0.134415	0
90	0.133247	0
91	0.132086	0
92	0.130931	0
93	0.129784	0
94	0.128643	0
95	0.127509	0
96	0.126381	0
97	0.125261	0
98	0.124148	0
99	0.123042	0
100	0.121942	0
101	0.12085	0
102	0.119766	0
103	0.118688	0
104	0.117618	0
105	0.116555	0
106	0.115499	0
107	0.114451	0
108	0.11341	0
109	0.112377	0
110	0.111351	0
111	0.110333	0
112	0.109323	0
113	0.10832	0
114	0.107324	0
115	0.106337	0
116	0.105357	0
117	0.104385	0
118	0.10342	0
119	0.102463	0
120	0.101514	0
121	0.100573	0
122	0.0996396	0
123	0.0987139	0
124	0.097796	0
125	0.096886	0
126	0.0959837	0
127	0.0950892	0
128	0.0942025	0
129	0.0933235	0
130	0.0924524	0
131	0.0915891	0
132	0.0907335	0
133	0.0898857	0
134	0.0890456	0
135	0.0882132	0
136	0.0873886	0
137	0.0865716	0
138	0.0857623	0
139	0.0849607	0
140	0.0841667	0
141	0.0833803	0
142	0.0826014	0
143	0.0818301	0
144	0.0810663	0
145	0.08031	0
146	0.0795611	0
147	0.0788196	0
148	0.0780855	0
149	0.0773588	0
150	0.0766394	0
151	0.0759272	0
152	0.0752222	0
153	0.0745244	0
154	0.0738338	0
155	0.0731502	0
156	0.0724737	0
157	0.0718042	0
158	0.0711417	0
159	0.0704861	0
160	0.0698373	0
161	0.0691954	0
162	0.0685602	0
163	0.0679317	0
164	0.0673099	0
165	0.0666947	0
166	0.0660861	0
167	0.065484	0
168	0.0648883	0
169	0.0642991	0
170	0.0637162	0
171	0.0631396	0
172	0.0625692	0
173	0.062005	0
174	0.061447	0
175	0.0608951	0
176	0.0603491	0
177	0.0598092	0
178	0.0592751	0
179	0.0587469	0
180	0.0582245	0
181	0.0577079	0
182	0.0571969	0
183	0.0566916	0
184	0.0561919	0
185	0.0556977	0
186	0.055209	0
187	0.0547256	0
188	0.0542477	0
189	0.053775	0
190	0.0533076	0
191	0.0528453	0
192	0.0523882	0
193	0.0519362	0
194	0.0514893	0
195	0.0510473	0
196	0.0506102	0
197	0.050178	0
198	0.0497506	0
199	0.0493279	0
200	0.04891	0
201	0.0484967	0
202	0.048088	0
203	0.0476839	0
204	0.0472843	0
205	0.0468891	0
206	0.0464983	0
207	0.0461119	0
208	0.0457298	0
209	0.0453519	0
210	0.0449782	0
211	0.0446087	0
212	0.0442432	0
213	0.0438818	0
214	0.0435245	0
215	0.0431711	0
216	0.0428216	0
217	0.0424759	0
218	0.0421341	0
219	0.041796	0
220	0.0414617	0
221	0.0411311	0
222	0.0408041	0
223	0.0404807	0
224	0.0401608	0
225	0.0398445	0
226	0.0395316	0
227	0.0392222	0
228	0.0389161	0
229	0.0386134	0
230	0.038314	0
231	0.0380178	0
232	0.0377249	0
233	0.0374351	0
234	0.0371485	0
235	0.036865	0
236	0.0365845	0
237	0.0363071	0
238	0.0360327	0
239	0.0357612	0
240	0.0354926	0
241	0.0352269	0
242	0.0349641	0
243	0.0347041	0
244	0.0344468	0
245	0.0341923	0
246	0.0339405	0
247	0.0336914	0
248	0.0334449	0
249	0.0332011	0
250	0.0329598	0
251	0.032721	0
252	0.0324848	0
253	0.032251	0
254	0.0320197	0
255	0.0317908	0
256	0.0315643	0
257	0.0313402	0
258	0.0311184	0
259	0.0308989	0
260	0.0306817	0
261	0.0304667	0
262	0.0302539	0
263	0.0300433	0
264	0.0298349	0
265	0.0296287	0
266	0.0294245	0
267	0.0292224	0
268	0.0290224	0
269	0.0288244	0
270	0.0286285	0
271	0.0284345	0
272	0.0282424	0
273	0.0280524	0
274	0.0278642	0
275	0.0276779	0
276	0.0274935	0
277	0.0273109	0
278	0.0271301	0
279	0.0269511	0
280	0.0267739	0
281	0.0265985	0
282	0.0264248	0
283	0.0262528	0
284	0.0260825	0
285	0.0259139	0
286	0.0257469	0
287	0.0255816	0
288	0.0254178	0
289	0.0252557	0
290	0.0250951	0
291	0.0249361	0
292	0.0247786	0
293	0.0246226	0
294	0.0244682	0
295	0.0243152	0
296	0.0241636	0
297	0.0240136	0
298	0.0238649	0
299	0.0237176	0
300	0.0235718	0
301	0.0234273	0
302	0.0232842	0
303	0.0231424	0
304	0.023002	0
305	0.0228629	0
306	0.022725	0
307	0.0225885	0
308	0.0224532	0
309	0.0223192	0
310	0.0221864	0
311	0.0220548	0
312	0.0219245	0
313	0.0217953	0
314	0.0216673	0
315	0.0215405	0
316	0.0214149	0
317	0.0212904	0
318	0.021167	0
319	0.0210447	0
320	0.0209235	0
321	0.0208034	0
322	0.0206844	0
323	0.0205665	0
324	0.0204496	0
325	0.0203337	0
326	0.0202189	0
327	0.0201051	0
328	0.0199923	0
329	0.0198805	0
330	0.0197697	0
331	0.0196598	0
332	0.0195509	0
333	0.019443	0
334	0.019336	0
335	0.0192299	0
336	0.0191247	0
337	0.0190205	0
338	0.0189171	0
339	0.0188147	0
340	0.0187131	0
341	0.0186123	0
342	0.0185125	0
343	0.0184135	0
344	0.0183153	0
345	0.0182179	0
346	0.0181214	0
347	0.0180257	0
348	0.0179308	0
349	0.0178367	0
350	0.0177434	0
351	0.0176508	0
352	0.017559	0
353	0.017468	0
354	0.0173778	0
355	0.0172882	0
356	0.0171995	0
357	0.0171114	0
358	0.0170241	0
359	0.0169374	0
360	0.0168515	0
361	0.0167663	0
362	0.0166818	0
363	0.0165979	0
364	0.0165148	0
365	0.0164323	0
366	0.0163504	0
367	0.0162692	0
368	0.0161887	0
369	0.0161088	0
370	0.0160295	0
371	0.0159509	0
372	0.0158729	0
373	0.0157955	0
374	0.0157187	0
375	0.0156425	0
376	0.0155669	0
377	0.0154919	0
378	0.0154175	0
379	0.0153437	0
380	0.0152704	0
381	0.0151977	0
382	0.0151256	0
383	0.015054	0
384	0.014983	0
385	0.0149125	0
386	0.0148425	0
387	0.0147731	0
388	0.0147042	0
389	0.0146358	0
390	0.014568	0
391	0.0145006	0
392	0.0144338	0
393	0.0143674	0
394	0.0143016	0
395	0.0142363	0
396	0.0141714	0
397	0.014107	0
398	0.0140431	0
399	0.0139797	0
400	0.0139167	0
401	0.0138542	0
402	0.0137922	0
403	0.0137306	0
404	0.0136694	0
405	0.0136087	0
406	0.0135485	0
407	0.0134887	0
408	0.0134293	0
409	0.0133703	0
410	0.0133118	0
411	0.0132537	0
412	0.013196	0
413	0.0131387	0
414	0.0130818	0
415	0.0130253	0
416	0.0129693	0
417	0.0129136	0
418	0.0128583	0
419	0.0128034	0
420	0.0127489	0
421	0.0126948	0
422	0.012641	0
423	0.0125877	0
424	0.0125347	0
425	0.012482	0
426	0.0124297	0
427	0.0123778	0
428	0.0123263	0
429	0.0122751	0
430	0.0122242	0
431	0.0121737	0
432	0.0121236	0
433	0.0120738	0
434	0.0120243	0
435	0.0119752	0
436	0.0119264	0
437	0.0118779	0
438	0.0118297	0
439	0.0117819	0
440	0.0117344	0
441	0.0116872	0
442	0.0116403	0
443	0.0115938	0
444	0.0115475	0
445	0.0115016	0
446	0.0114559	0
447	0.0114106	0
448	0.0113655	0
449	0.0113208	0
450	0.0112763	0
451	0.0112322	0
452	0.0111883	0
453	0.0111447	0
454	0.0111014	0
455	0.0110583	0
456	0.0110156	0
457	0.0109731	0
458	0.0109309	0
459	0.010889	0
460	0.0108473	0
461	0.0108059	0
462	0.0107648	0
463	0.0107239	0
464	0.0106833	0
465	0.0106429	0
466	0.0106028	0
467	0.010563	0
468	0.0105234	0
469	0.010484	0
470	0.0104449	0
471	0.010406	0
472	0.0103674	0
473	0.010329	0
474	0.0102909	0
475	0.010253	0
476	0.0102153	0
477	0.0101779	0
478	0.0101406	0
479	0.0101037	0
480	0.0100669	0
481	0.0100304	0
482	0.00999406	0
483	0.00995797	0
484	0.00992209	0
485	0.00988644	0
486	0.009851	0
487	0.00981577	0
488	0.00978076	0
489	0.00974595	0
490	0.00971136	0
491	0.00967696	0
492	0.00964278	0
493	0.0096088	0
494	0.00957502	0
495	0.00954144	0
496	0.00950805	0
497	0.00947487	0
498	0.00944188	0
499	0.00940908	0
500	0.00937647	0
501	0.00934406	0
502	0.00931183	0
503	0.0092798	0
504	0.00924794	0
505	0.00921627	0
506	0.00918479	0
507	0.00915349	0
508	0.00912236	0
509	0.00909142	0
510	0.00906065	0
511	0.00903006	0
512	0.00899965	0
513	0.0089694	0
514	0.00893933	0
515	0.00890943	0
516	0.0088797	0
517	0.00885013	0
518	0.00882074	0
519	0.00879151	0
520	0.00876244	0
521	0.00873353	0
522	0.00870479	0
523	0.00867621	0
524	0.00864778	0
525	0.00861952	0
526	0.00859141	0
527	0.00856345	0
528	0.00853565	0
529	0.00850801	0
530	0.00848051	0
531	0.00845317	0
532	0.00842597	0
533	0.00839893	0
534	0.00837203	0
535	0.00834528	0
536	0.00831867	0
537	0.00829221	0
538	0.00826589	0
539	0.00823971	0
540	0.00821368	0
541	0.00818778	0
542	0.00816202	0
543	0.0081364	0
544	0.00811092	0
545	0.00808557	0
546	0.00806036	0
547	0.00803528	0
548	0.00801034	0
549	0.00798553	0
550	0.00796084	0
551	0.00793629	0
552	0.00791187	0
553	0.00788757	0
554	0.00786341	0
555	0.00783936	0
556	0.00781545	0
557	0.00779166	0
558	0.00776799	0
559	0.00774444	0
560	0.00772102	0
561	0.00769772	0
562	0.00767454	0
563	0.00765147	0
564	0.00762853	0
565	0.0076057	0
566	0.00758299	0
567	0.0075604	0
568	0.00753792	0
569	0.00751555	0
570	0.0074933	0
571	0.00747116	0
572	0.00744914	0
573	0.00742722	0
574	0.00740542	0
575	0.00738372	0
576	0.00736213	0
577	0.00734065	0
578	0.00731928	0
579	0.00729802	0
580	0.00727686	0
581	0.00725581	0
582	0.00723486	0
583	0.00721401	0
584	0.00719327	0
585	0.00717263	0
586	0.00715209	0
587	0.00713165	0
588	0.00711131	0
589	0.00709108	0
590	0.00707094	0
591	0.0070509	0
592	0.00703095	0
593	0.00701111	0
594	0.00699136	0
595	0.0069717	0
596	0.00695214	0
597	0.00693268	0
598	0.0069133	0
599	0.00689403	0
600	0.00687484	0
601	0.00685574	0
602	0.00683674	0
603	0.00681783	0
604	0.00679901	0
605	0.00678027	0
606	0.00676163	0
607	0.00674307	0
608	0.0067246	0
609	0.00670622	0
610	0.00668793	0
611	0.00666972	0
612	0.00665159	0
613	0.00663356	0
614	0.0066156	0
615	0.00659773	0
616	0.00657994	0
617	0.00656224	0
618	0.00654462	0
619	0.00652708	0
620	0.00650962	0
621	0.00649224	0
622	0.00647494	0
623	0.00645772	0
624	0.00644058	0
625	0.00642351	0
626	0.00640653	0
627	0.00638962	0
628	0.00637279	0
629	0.00635604	0
630	0.00633936	0
631	0.00632276	0
632	0.00630624	0
633	0.00628978	0
634	0.00627341	0
635	0.0062571	0
636	0.00624087	0
637	0.00622471	0
638	0.00620863	0
639	0.00619262	0
640	0.00617667	0
641	0.0061608	0
642	0.006145	0
643	0.00612927	0
644	0.00611361	0
645	0.00609802	0
646	0.0060825	0
647	0.00606704	0
648	0.00605166	0
649	0.00603634	0
650	0.00602109	0
651	0.0060059	0
652	0.00599078	0
653	0.00597573	0
654	0.00596074	0
655	0.00594582	0
656	0.00593097	0
657	0.00591617	0
658	0.00590144	0
659	0.00588678	0
660	0.00587218	0
661	0.00585764	0
662	0.00584316	0
663	0.00582875	0
664	0.0058144	0
665	0.0058001	0
666	0.00578587	0
667	0.0057717	0
668	0.00575759	0
669	0.00574354	0
670	0.00572955	0
671	0.00571562	0
672	0.00570175	0
673	0.00568794	0
674	0.00567418	0
675	0.00566048	0
676	0.00564684	0
677	0.00563326	0
678	0.00561974	0
679	0.00560627	0
680	0.00559285	0
681	0.00557949	0
682	0.00556619	0
683	0.00555294	0
684	0.00553975	0
685	0.00552661	0
686	0.00551353	0
687	0.0055005	0
688	0.00548752	0
689	0.0054746	0
690	0.00546173	0
691	0.00544891	0
692	0.00543615	0
693	0.00542344	0
694	0.00541078	0
695	0.00539817	0
696	0.00538561	0
697	0.0053731	0
698	0.00536064	0
699	0.00534824	0
700	0.00533588	0
701	0.00532358	0
702	0.00531132	0
703	0.00529911	0
704	0.00528695	0
705	0.00527484	0
706	0.00526278	0
707	0.00525077	0
708	0.0052388	0
709	0.00522688	0
710	0.00521501	0
711	0.00520319	0
712	0.00519141	0
713	0.00517968	0
714	0.00516799	0
715	0.00515635	0
716	0.00514476	0
717	0.00513322	0
718	0.00512171	0
719	0.00511026	0
720	0.00509884	0
721	0.00508748	0
722	0.00507615	0
723	0.00506487	0
724	0.00505364	0
725	0.00504245	0
726	0.0050313	0
727	0.00502019	0
728	0.00500913	0
729	0.00499811	0
730	0.00498713	0
731	0.0049762	0
732	0.0049653	0
733	0.00495445	0
734	0.00494364	0
735	0.00493287	0
736	0.00492214	0
737	0.00491146	0
738	0.00490081	0
739	0.0048902	0
740	0.00487964	0
741	0.00486911	0
742	0.00485863	0
743	0.00484818	0
744	0.00483777	0
745	0.0048274	0
746	0.00481707	0
747	0.00480678	0
748	0.00479653	0
749	0.00478632	0
750	0.00477614	0
751	0.004766	0
752	0.0047559	0
753	0.00474584	0
754	0.00473582	0
755	0.00472583	0
756	0.00471588	0
757	0.00470596	0
758	0.00469609	0
759	0.00468624	0
760	0.00467644	0
761	0.00466667	0
762	0.00465694	0
763	0.00464724	0
764	0.00463758	0
765	0.00462795	0
766	0.00461836	0
767	0.0046088	0
768	0.00459928	0
769	0.00458979	0
770	0.00458034	0
771	0.00457092	0
772	0.00456153	0
773	0.00455218	0
774	0.00454286	0
775	0.00453358	0
776	0.00452433	0
777	0.00451511	0
778	0.00450592	0
779	0.00449677	0
780	0.00448765	0
781	0.00447856	0
782	0.00446951	0
783	0.00446049	0
784	0.0044515	0
785	0.00444254	0
786	0.00443361	0
787	0.00442472	0
788	0.00441585	0
789	0.00440702	0
790	0.00439822	0
791	0.00438945	0
792	0.00438071	0
793	0.004372	0
794	0.00436332	0
795	0.00435467	0
796	0.00434605	0
797	0.00433746	0
798	0.00432891	0
799	0.00432038	0
800	0.00431188	0
801	0.00430341	0
802	0.00429497	0
803	0.00428656	0
804	0.00427817	0
805	0.00426982	0
806	0.0042615	0
807	0.0042532	0
808	0.00424493	0
809	0.00423669	0
810	0.00422848	0
811	0.0042203	0
812	0.00421214	0
813	0.00420402	0
814	0.00419592	0
815	0.00418785	0
816	0.0041798	0
817	0.00417178	0
818	0.00416379	0
819	0.00415583	0
820	0.00414789	0
821	0.00413998	0
822	0.0041321	0
823	0.00412424	0
824	0.00411641	0
825	0.00410861	0
826	0.00410083	0
827	0.00409308	0
828	0.00408535	0
829	0.00407765	0
830	0.00406997	0
831	0.00406233	0
832	0.0040547	0
833	0.0040471	0
834	0.00403953	0
835	0.00403198	0
836	0.00402446	0
837	0.00401696	0
838	0.00400948	0
839	0.00400203	0
840	0.00399461	0
841	0.00398721	0
842	0.00397983	0
843	0.00397248	0
844	0.00396515	0
845	0.00395784	0
846	0.00395056	0
847	0.00394331	0
848	0.00393607	0
849	0.00392886	0
850	0.00392168	0
851	0.00391451	0
852	0.00390737	0
853	0.00390025	0
854	0.00389316	0
855	0.00388609	0
856	0.00387904	0
857	0.00387201	0
858	0.00386501	0
859	0.00385803	0
860	0.00385107	0
861	0.00384413	0
862	0.00383722	0
863	0.00383032	0
864	0.00382345	0
865	0.0038166	0
866	0.00380977	0
867	0.00380297	0
868	0.00379618	0
869	0.00378942	0
870	0.00378268	0
871	0.00377596	0
872	0.00376926	0
873	0.00376258	0
874	0.00375593	0
875	0.00374929	0
876	0.00374267	0
877	0.00373608	0
878	0.0037295	0
879	0.00372295	0
880	0.00371642	0
881	0.0037099	0
882	0.00370341	0
883	0.00369694	0
884	0.00369049	0
885	0.00368405	0
886	0.00367764	0
887	0.00367125	0
888	0.00366487	0
889	0.00365852	0
890	0.00365219	0
891	0.00364587	0
892	0.00363957	0
893	0.0036333	0
894	0.00362704	0
895	0.0036208	0
896	0.00361459	0
897	0.00360839	0
898	0.0036022	0
899	0.00359604	0
900	0.0035899	0
901	0.00358377	0
902	0.00357767	0
903	0.00357158	0
904	0.00356551	0
905	0.00355946	0
906	0.00355343	0
907	0.00354741	0
908	0.00354141	0
909	0.00353543	0
910	0.00352947	0
911	0.00352353	0
912	0.00351761	0
913	0.0035117	0
914	0.00350581	0
915	0.00349994	0
916	0.00349408	0
917	0.00348824	0
918	0.00348242	0
919	0.00347662	0
920	0.00347083	0
921	0.00346507	0
922	0.00345931	0
923	0.00345358	0
924	0.00344786	0
925	0.00344216	0
926	0.00343648	0
927	0.00343081	0
928	0.00342516	0
929	0.00341952	0
930	0.0034139	0
931	0.0034083	0
932	0.00340272	0
933	0.00339715	0
934	0.0033916	0
935	0.00338606	0
936	0.00338054	0
937	0.00337504	0
938	0.00336955	0
939	0.00336407	0
940	0.00335862	0
941	0.00335318	0
942	0.00334775	0
943	0.00334234	0
944	0.00333695	0
945	0.00333157	0
946	0.0033262	0
947	0.00332086	0
948	0.00331552	0
949	0.00331021	0
950	0.0033049	0
951	0.00329962	0
952	0.00329434	0
953	0.00328909	0
954	0.00328384	0
955	0.00327862	0
956	0.00327341	0
957	0.00326821	0
958	0.00326302	0
959	0.00325786	0
960	0.0032527	0
961	0.00324756	0
962	0.00324244	0
963	0.00323733	0
964	0.00323223	0
965	0.00322715	0
966	0.00322208	0
967	0.00321703	0
968	0.00321199	0
969	0.00320696	0
970	0.00320195	0
971	0.00319696	0
972	0.00319197	0
973	0.003187	0
974	0.00318205	0
975	0.00317711	0
976	0.00317218	0
977	0.00316726	0
978	0.00316236	0
979	0.00315747	0
980	0.0031526	0
981	0.00314774	0
982	0.00314289	0
983	0.00313806	0
984	0.00313324	0
985	0.00312843	0
986	0.00312363	0
987	0.00311885	0
988	0.00311408	0
989	0.00310933	0
990	0.00310459	0
991	0.00309986	0
992	0.00309514	0
993	0.00309044	0
994	0.00308575	0
995	0.00308107	0
996	0.0030764	0
997	0.00307175	0
998	0.00306711	0
999	0.00306248	0
1000	0.00305787	0
