1	0.035762	0
2	0.034327	0
3	0.0336549	0
4	0.0333165	0
5	0.0331333	0
6	0.0330258	0
7	0.0329565	0
8	0.0329069	0
9	0.0328675	0
10	0.0328337	0
11	0.0328029	0
12	0.0327737	0
13	0.0327455	0
14	0.032718	0
15	0.0326909	0
16	0.032664	0
17	0.0326375	0
18	0.0326111	0
19	0.032585	0
20	0.032559	0
21	0.0325333	0
22	0.0325077	0
23	0.0324824	0
24	0.0324573	0
25	0.0324324	0
26	0.0324078	0
27	0.0323835	0
28	0.0323594	0
29	0.0323357	0
30	0.0323122	0
31	0.0322891	0
32	0.0322664	0
33	0.032244	0
34	0.0322221	0
35	0.0322005	0
36	0.0321793	0
37	0.0321586	0
38	0.0321383	0
39	0.0321183	0
40	0.0320988	0
41	0.0320797	0
42	0.032061	0
43	0.0320426	0
44	0.0320246	0
45	0.0320069	0
46	0.0319895	0
47	0.0319724	0
48	0.0319557	0
49	0.0319391	0
50	0.0319228	0
51	0.0319067	0
52	0.0318908	0
53	0.0318751	0
54	0.0318595	0
55	0.0318441	0
56	0.0318289	0
57	0.0318137	0
58	0.0317987	0
59	0.0317837	0
60	0.0317689	0
61	0.0317541	0
62	0.0317394	0
63	0.0317248	0
64	0.0317102	0
65	0.0316956	0
66	0.0316812	0
67	0.0316667	0
68	0.0316523	0
69	0.031638	0
70	0.0316236	0
71	0.0316094	0
72	0.0315951	0
73	0.0315809	0
74	0.0315667	0
75	0.0315525	0
76	0.0315384	0
77	0.0315242	0
78	0.0315102	0
79	0.0314961	0
80	0.031482	0
81	0.031468	0
82	0.031454	0
83	0.0314401	0
84	0.0314261	0
85	0.0314122	0
86	0.0313983	0
87	0.0313844	0
88	0.0313706	0
89	0.0313568	0
90	0.031343	0
91	0.0313292	0
92	0.0313154	0
93	0.0313017	0
94	0.031288	0
95	0.0312743	0
96	0.0312607	0
97	0.031247	0
98	0.0312334	0
99	0.0312199	0
100	0.0312063	0
101	0.0311928	0
102	0.0311793	0
103	0.0311658	0
104	0.0311523	0
105	0.0311389	0
106	0.0311255	0
107	0.0311121	0
108	0.0310988	0
109	0.0310854	0
110	0.0310721	0
111	0.0310588	0
112	0.0310456	0
113	0.0310323	0
114	0.0310191	0
115	0.0310059	0
116	0.0309928	0
117	0.0309796	0
118	0.0309665	0
119	0.0309534	0
120	0.0309403	0
121	0.0309273	0
122	0.0309142	0
123	0.0309012	0
124	0.0308882	0
125	0.0308752	0
126	0.0308623	0
127	0.0308494	0
128	0.0308365	0
129	0.0308236	0
130	0.0308107	0
131	0.0307979	0
132	0.0307851	0
133	0.0307722	0
134	0.0307595	0
135	0.0307467	0
136	0.030734	0
137	0.0307212	0
138	0.0307085	0
139	0.0306959	0
140	0.0306832	0
141	0.0306706	0
142	0.0306579	0
143	0.0306453	0
144	0.0306328	0
145	0.0306202	0
146	0.0306076	0
147	0.0305951	0
148	0.0305826	0
149	0.0305701	0
150	0.0305577	0
151	0.0305452	0
152	0.0305328	0
153	0.0305204	0
154	0.030508	0
155	0.0304956	0
156	0.0304833	0
157	0.0304709	0
158	0.0304586	0
159	0.0304463	0
160	0.030434	0
161	0.0304218	0
162	0.0304095	0
163	0.0303973	0
164	0.0303851	0
165	0.0303729	0
166	0.0303608	0
167	0.0303486	0
168	0.0303365	0
169	0.0303244	0
170	0.0303123	0
171	0.0303002	0
172	0.0302881	0
173	0.0302761	0
174	0.0302641	0
175	0.0302521	0
176	0.0302401	0
177	0.0302281	0
178	0.0302162	0
179	0.0302043	0
180	0.0301924	0
181	0.0301805	0
182	0.0301686	0
183	0.0301567	0
184	0.0301449	0
185	0.0301331	0
186	0.0301213	0
187	0.0301095	0
188	0.0300977	0
189	0.030086	0
190	0.0300742	0
191	0.0300625	0
192	0.0300508	0
193	0.0300391	0
194	0.0300275	0
195	0.0300158	0
196	0.0300042	0
197	0.0299926	0
198	0.029981	0
199	0.0299694	0
200	0.0299578	0
201	0.0299462	0
202	0.0299347	0
203	0.0299232	0
204	0.0299117	0
205	0.0299002	0
206	0.0298887	0
207	0.0298773	0
208	0.0298658	0
209	0.0298544	0
210	0.029843	0
211	0.0298316	0
212	0.0298202	0
213	0.0298088	0
214	0.0297974	0
215	0.0297861	0
216	0.0297747	0
217	0.0297634	0
218	0.0297521	0
219	0.0297408	0
220	0.0297295	0
221	0.0297182	0
222	0.029707	0
223	0.0296957	0
224	0.0296845	0
225	0.0296733	0
226	0.029662	0
227	0.0296508	0
228	0.0296396	0
229	0.0296284	0
230	0.0296173	0
231	0.0296061	0
232	0.0295949	0
233	0.0295838	0
234	0.0295727	0
235	0.0295615	0
236	0.0295504	0
237	0.0295393	0
238	0.0295282	0
239	0.0295171	0
240	0.029506	0
241	0.0294949	0
242	0.0294838	0
243	0.0294728	0
244	0.0294617	0
245	0.0294506	0
246	0.0294396	0
247	0.0294285	0
248	0.0294175	0
249	0.0294065	0
250	0.0293954	0
251	0.0293844	0
252	0.0293734	0
253	0.0293624	0
254	0.0293514	0
255	0.0293404	0
256	0.0293294	0
257	0.0293184	0
258	0.0293074	0
259	0.0292964	0
260	0.0292854	0
261	0.0292744	0
262	0.0292634	0
263	0.0292524	0
264	0.0292414	0
265	0.0292305	0
266	0.0292195	0
267	0.0292085	0
268	0.0291976	0
269	0.0291866	0
270	0.0291756	0
271	0.0291646	0
272	0.0291537	0
273	0.0291427	0
274	0.0291317	0
275	0.0291208	0
276	0.0291098	0
277	0.0290988	0
278	0.0290879	0
279	0.0290769	0
280	0.0290659	0
281	0.029055	0
282	0.029044	0
283	0.029033	0
284	0.0290221	0
285	0.0290111	0
286	0.0290001	0
287	0.0289891	0
288	0.0289782	0
289	0.0289672	0
290	0.0289562	0
291	0.0289452	0
292	0.0289342	0
293	0.0289232	0
294	0.0289123	0
295	0.0289013	0
296	0.0288903	0
297	0.0288793	0
298	0.0288683	0
299	0.0288573	0
300	0.0288463	0
301	0.0288353	0
302	0.0288243	0
303	0.0288132	0
304	0.0288022	0
305	0.0287912	0
306	0.0287802	0
307	0.0287692	0
308	0.0287581	0
309	0.0287471	0
310	0.0287361	0
311	0.028725	0
312	0.028714	0
313	0.0287029	0
314	0.0286919	0
315	0.0286808	0
316	0.0286698	0
317	0.0286587	0
318	0.0286477	0
319	0.0286366	0
320	0.0286255	0
321	0.0286145	0
322	0.0286034	0
323	0.0285923	0
324	0.0285813	0
325	0.0285702	0
326	0.0285591	0
327	0.028548	0
328	0.0285369	0
329	0.0285258	0
330	0.0285147	0
331	0.0285036	0
332	0.0284925	0
333	0.0284814	0
334	0.0284703	0
335	0.0284592	0
336	0.0284481	0
337	0.028437	0
338	0.0284258	0
339	0.0284147	0
340	0.0284036	0
341	0.0283925	0
342	0.0283814	0
343	0.0283702	0
344	0.0283591	0
345	0.028348	0
346	0.0283369	0
347	0.0283257	0
348	0.0283146	0
349	0.0283035	0
350	0.0282923	0
351	0.0282812	0
352	0.0282701	0
353	0.0282589	0
354	0.0282478	0
355	0.0282367	0
356	0.0282256	0
357	0.0282144	0
358	0.0282033	0
359	0.0281922	0
360	0.0281811	0
361	0.0281699	0
362	0.0281588	0
363	0.0281477	0
364	0.0281366	0
365	0.0281255	0
366	0.0281144	0
367	0.0281032	0
368	0.0280921	0
369	0.028081	0
370	0.0280699	0
371	0.0280588	0
372	0.0280478	0
373	0.0280367	0
374	0.0280256	0
375	0.0280145	0
376	0.0280034	0
377	0.0279924	0
378	0.0279813	0
379	0.0279703	0
380	0.0279592	0
381	0.0279482	0
382	0.0279371	0
383	0.0279261	0
384	0.0279151	0
385	0.0279041	0
386	0.027893	0
387	0.027882	0
388	0.0278711	0
389	0.0278601	0
390	0.0278491	0
391	0.0278381	0
392	0.0278271	0
393	0.0278162	0
394	0.0278052	0
395	0.0277943	0
396	0.0277834	0
397	0.0277725	0
398	0.0277615	0
399	0.0277506	0
400	0.0277398	0
401	0.0277289	0
402	0.027718	0
403	0.0277071	0
404	0.0276963	0
405	0.0276854	0
406	0.0276746	0
407	0.0276638	0
408	0.027653	0
409	0.0276422	0
410	0.0276314	0
411	0.0276206	0
412	0.0276098	0
413	0.0275991	0
414	0.0275883	0
415	0.0275776	0
416	0.0275669	0
417	0.0275562	0
418	0.0275455	0
419	0.0275348	0
420	0.0275241	0
421	0.0275135	0
422	0.0275028	0
423	0.0274922	0
424	0.0274816	0
425	0.027471	0
426	0.0274604	0
427	0.0274498	0
428	0.0274392	0
429	0.0274286	0
430	0.0274181	0
431	0.0274076	0
432	0.027397	0
433	0.0273865	0
434	0.027376	0
435	0.0273655	0
436	0.0273551	0
437	0.0273446	0
438	0.0273342	0
439	0.0273237	0
440	0.0273133	0
441	0.0273029	0
442	0.0272925	0
443	0.0272822	0
444	0.0272718	0
445	0.0272614	0
446	0.0272511	0
447	0.0272408	0
448	0.0272305	0
449	0.0272202	0
450	0.0272099	0
451	0.0271996	0
452	0.0271894	0
453	0.0271791	0
454	0.0271689	0
455	0.0271587	0
456	0.0271485	0
457	0.0271383	0
458	0.0271281	0
459	0.027118	0
460	0.0271078	0
461	0.0270977	0
462	0.0270876	0
463	0.0270775	0
464	0.0270674	0
465	0.0270573	0
466	0.0270472	0
467	0.0270372	0
468	0.0270271	0
469	0.0270171	0
470	0.0270071	0
471	0.0269971	0
472	0.0269871	0
473	0.0269771	0
474	0.0269672	0
475	0.0269572	0
476	0.0269473	0
477	0.0269374	0
478	0.0269275	0
479	0.0269176	0
480	0.0269077	0
481	0.0268978	0
482	0.026888	0
483	0.0268781	0
484	0.0268683	0
485	0.0268585	0
486	0.0268487	0
487	0.0268389	0
488	0.0268292	0
489	0.0268194	0
490	0.0268096	0
491	0.0267999	0
492	0.0267902	0
493	0.0267805	0
494	0.0267708	0
495	0.0267611	0
496	0.0267515	0
497	0.0267418	0
498	0.0267322	0
499	0.0267225	0
500	0.0267129	0
501	0.0267033	0
502	0.0266937	0
503	0.0266842	0
504	0.0266746	0
505	0.026665	0
506	0.0266555	0
507	0.026646	0
508	0.0266365	0
509	0.026627	0
510	0.0266175	0
511	0.026608	0
512	0.0265986	0
513	0.0265891	0
514	0.0265797	0
515	0.0265703	0
516	0.0265609	0
517	0.0265515	0
518	0.0265421	0
519	0.0265327	0
520	0.0265234	0
521	0.026514	0
522	0.0265047	0
523	0.0264954	0
524	0.0264861	0
525	0.0264768	0
526	0.0264675	0
527	0.0264583	0
528	0.026449	0
529	0.0264398	0
530	0.0264306	0
531	0.0264214	0
532	0.0264122	0
533	0.026403	0
534	0.0263938	0
535	0.0263847	0
536	0.0263755	0
537	0.0263664	0
538	0.0263573	0
539	0.0263482	0
540	0.0263391	0
541	0.0263301	0
542	0.026321	0
543	0.0263119	0
544	0.0263029	0
545	0.0262939	0
546	0.0262849	0
547	0.0262759	0
548	0.0262669	0
549	0.026258	0
550	0.026249	0
551	0.0262401	0
552	0.0262312	0
553	0.0262223	0
554	0.0262134	0
555	0.0262045	0
556	0.0261957	0
557	0.0261868	0
558	0.026178	0
559	0.0261692	0
560	0.0261604	0
561	0.0261516	0
562	0.0261428	0
563	0.026134	0
564	0.0261253	0
565	0.0261166	0
566	0.0261079	0
567	0.0260992	0
568	0.0260905	0
569	0.0260818	0
570	0.0260732	0
571	0.0260645	0
572	0.0260559	0
573	0.0260473	0
574	0.0260387	0
575	0.0260301	0
576	0.0260216	0
577	0.026013	0
578	0.0260045	0
579	0.025996	0
580	0.0259875	0
581	0.025979	0
582	0.0259706	0
583	0.0259621	0
584	0.0259537	0
585	0.0259453	0
586	0.0259369	0
587	0.0259285	0
588	0.0259202	0
589	0.0259118	0
590	0.0259035	0
591	0.0258952	0
592	0.0258869	0
593	0.0258786	0
594	0.0258704	0
595	0.0258622	0
596	0.0258539	0
597	0.0258457	0
598	0.0258375	0
599	0.0258294	0
600	0.0258212	0
601	0.0258131	0
602	0.025805	0
603	0.0257969	0
604	0.0257888	0
605	0.0257808	0
606	0.0257727	0
607	0.0257647	0
608	0.0257567	0
609	0.0257487	0
610	0.0257408	0
611	0.0257328	0
612	0.0257249	0
613	0.025717	0
614	0.0257091	0
615	0.0257012	0
616	0.0256934	0
617	0.0256856	0
618	0.0256778	0
619	0.02567	0
620	0.0256622	0
621	0.0256545	0
622	0.0256467	0
623	0.025639	0
624	0.0256313	0
625	0.0256237	0
626	0.025616	0
627	0.0256084	0
628	0.0256008	0
629	0.0255932	0
630	0.0255857	0
631	0.0255781	0
632	0.0255706	0
633	0.0255631	0
634	0.0255556	0
635	0.0255481	0
636	0.0255407	0
637	0.0255333	0
638	0.0255259	0
639	0.0255185	0
640	0.0255112	0
641	0.0255038	0
642	0.0254965	0
643	0.0254892	0
644	0.025482	0
645	0.0254747	0
646	0.0254675	0
647	0.0254603	0
648	0.0254531	0
649	0.025446	0
650	0.0254388	0
651	0.0254317	0
652	0.0254246	0
653	0.0254175	0
654	0.0254105	0
655	0.0254035	0
656	0.0253964	0
657	0.0253895	0
658	0.0253825	0
659	0.0253756	0
660	0.0253686	0
661	0.0253618	0
662	0.0253549	0
663	0.025348	0
664	0.0253412	0
665	0.0253344	0
666	0.0253276	0
667	0.0253209	0
668	0.0253141	0
669	0.0253074	0
670	0.0253007	0
671	0.025294	0
672	0.0252874	0
673	0.0252808	0
674	0.0252742	0
675	0.0252676	0
676	0.025261	0
677	0.0252545	0
678	0.025248	0
679	0.0252415	0
680	0.025235	0
681	0.0252285	0
682	0.0252221	0
683	0.0252157	0
684	0.0252093	0
685	0.025203	0
686	0.0251966	0
687	0.0251903	0
688	0.025184	0
689	0.0251778	0
690	0.0251715	0
691	0.0251653	0
692	0.0251591	0
693	0.0251529	0
694	0.0251467	0
695	0.0251406	0
696	0.0251345	0
697	0.0251284	0
698	0.0251223	0
699	0.0251163	0
700	0.0251102	0
701	0.0251042	0
702	0.0250983	0
703	0.0250923	0
704	0.0250863	0
705	0.0250804	0
706	0.0250745	0
707	0.0250686	0
708	0.0250628	0
709	0.0250569	0
710	0.0250511	0
711	0.0250453	0
712	0.0250396	0
713	0.0250338	0
714	0.0250281	0
715	0.0250224	0
716	0.0250167	0
717	0.025011	0
718	0.0250054	0
719	0.0249997	0
720	0.0249941	0
721	0.0249885	0
722	0.024983	0
723	0.0249774	0
724	0.0249719	0
725	0.0249664	0
726	0.0249609	0
727	0.0249554	0
728	0.02495	0
729	0.0249446	0
730	0.0249392	0
731	0.0249338	0
732	0.0249284	0
733	0.0249231	0
734	0.0249177	0
735	0.0249124	0
736	0.0249071	0
737	0.0249019	0
738	0.0248966	0
739	0.0248914	0
740	0.0248862	0
741	0.024881	0
742	0.0248758	0
743	0.0248706	0
744	0.0248655	0
745	0.0248604	0
746	0.0248553	0
747	0.0248502	0
748	0.0248451	0
749	0.0248401	0
750	0.0248351	0
751	0.0248301	0
752	0.0248251	0
753	0.0248201	0
754	0.0248151	0
755	0.0248102	0
756	0.0248053	0
757	0.0248004	0
758	0.0247955	0
759	0.0247906	0
760	0.0247858	0
761	0.024781	0
762	0.0247762	0
763	0.0247714	0
764	0.0247666	0
765	0.0247618	0
766	0.0247571	0
767	0.0247524	0
768	0.0247477	0
769	0.024743	0
770	0.0247383	0
771	0.0247336	0
772	0.024729	0
773	0.0247244	0
774	0.0247198	0
775	0.0247152	0
776	0.0247106	0
777	0.0247061	0
778	0.0247016	0
779	0.024697	0
780	0.0246925	0
781	0.0246881	0
782	0.0246836	0
783	0.0246792	0
784	0.0246747	0
785	0.0246703	0
786	0.0246659	0
787	0.0246616	0
788	0.0246572	0
789	0.0246529	0
790	0.0246486	0
791	0.0246443	0
792	0.02464	0
793	0.0246357	0
794	0.0246315	0
795	0.0246272	0
796	0.024623	0
797	0.0246188	0
798	0.0246147	0
799	0.0246105	0
800	0.0246064	0
801	0.0246022	0
802	0.0245982	0
803	0.0245941	0
804	0.02459	0
805	0.024586	0
806	0.0245819	0
807	0.0245779	0
808	0.0245739	0
809	0.02457	0
810	0.024566	0
811	0.0245621	0
812	0.0245582	0
813	0.0245543	0
814	0.0245504	0
815	0.0245466	0
816	0.0245428	0
817	0.0245389	0
818	0.0245351	0
819	0.0245314	0
820	0.0245276	0
821	0.0245239	0
822	0.0245202	0
823	0.0245165	0
824	0.0245128	0
825	0.0245092	0
826	0.0245055	0
827	0.0245019	0
828	0.0244983	0
829	0.0244947	0
830	0.0244912	0
831	0.0244876	0
832	0.0244841	0
833	0.0244806	0
834	0.0244772	0
835	0.0244737	0
836	0.0244703	0
837	0.0244668	0
838	0.0244634	0
839	0.0244601	0
840	0.0244567	0
841	0.0244534	0
842	0.02445	0
843	0.0244467	0
844	0.0244434	0
845	0.0244402	0
846	0.0244369	0
847	0.0244337	0
848	0.0244305	0
849	0.0244273	0
850	0.0244241	0
851	0.024421	0
852	0.0244178	0
853	0.0244147	0
854	0.0244116	0
855	0.0244085	0
856	0.0244054	0
857	0.0244024	0
858	0.0243993	0
859	0.0243963	0
860	0.0243933	0
861	0.0243903	0
862	0.0243873	0
863	0.0243844	0
864	0.0243814	0
865	0.0243785	0
866	0.0243756	0
867	0.0243727	0
868	0.0243698	0
869	0.0243669	0
870	0.024364	0
871	0.0243612	0
872	0.0243584	0
873	0.0243556	0
874	0.0243528	0
875	0.02435	0
876	0.0243472	0
877	0.0243444	0
878	0.0243417	0
879	0.0243389	0
880	0.0243362	0
881	0.0243335	0
882	0.0243308	0
883	0.0243281	0
884	0.0243254	0
885	0.0243228	0
886	0.0243201	0
887	0.0243175	0
888	0.0243148	0
889	0.0243122	0
890	0.0243096	0
891	0.024307	0
892	0.0243044	0
893	0.0243018	0
894	0.0242992	0
895	0.0242967	0
896	0.0242941	0
897	0.0242916	0
898	0.024289	0
899	0.0242865	0
900	0.024284	0
901	0.0242815	0
902	0.024279	0
903	0.0242765	0
904	0.024274	0
905	0.0242716	0
906	0.0242691	0
907	0.0242667	0
908	0.0242642	0
909	0.0242618	0
910	0.0242594	0
911	0.0242569	0
912	0.0242545	0
913	0.0242521	0
914	0.0242497	0
915	0.0242474	0
916	0.024245	0
917	0.0242426	0
918	0.0242402	0
919	0.0242379	0
920	0.0242355	0
921	0.0242332	0
922	0.0242309	0
923	0.0242285	0
924	0.0242262	0
925	0.0242239	0
926	0.0242216	0
927	0.0242193	0
928	0.024217	0
929	0.0242147	0
930	0.0242124	0
931	0.0242102	0
932	0.0242079	0
933	0.0242056	0
934	0.0242034	0
935	0.0242011	0
936	0.0241989	0
937	0.0241967	0
938	0.0241944	0
939	0.0241922	0
940	0.02419	0
941	0.0241878	0
942	0.0241856	0
943	0.0241834	0
944	0.0241812	0
945	0.024179	0
946	0.0241768	0
947	0.0241747	0
948	0.0241725	0
949	0.0241703	0
950	0.0241682	0
951	0.024166	0
952	0.0241639	0
953	0.0241617	0
954	0.0241596	0
955	0.0241575	0
956	0.0241553	0
957	0.0241532	0
958	0.0241511	0
959	0.024149	0
960	0.0241469	0
961	0.0241448	0
962	0.0241427	0
963	0.0241406	0
964	0.0241385	0
965	0.0241364	0
966	0.0241343	0
967	0.0241323	0
968	0.0241302	0
969	0.0241281	0
970	0.0241261	0
971	0.024124	0
972	0.024122	0
973	0.0241199	0
974	0.0241179	0
975	0.0241158	0
976	0.0241138	0
977	0.0241118	0
978	0.0241097	0
979	0.0241077	0
980	0.0241057	0
981	0.0241037	0
982	0.0241017	0
983	0.0240997	0
984	0.0240977	0
985	0.0240957	0
986	0.0240937	0
987	0.0240917	0
988	0.0240897	0
989	0.0240877	0
990	0.0240857	0
991	0.0240837	0
992	0.0240818	0
993	0.0240798	0
994	0.0240778	0
995	0.0240759	0
996	0.0240739	0
997	0.0240719	0
998	0.02407	0
999	0.024068	0
1000	0.0240661	0
