1	0.0360961	0
2	0.0345152	0
3	0.0338249	0
4	0.0334971	0
5	0.0333282	0
6	0.0332327	0
7	0.0331723	0
8	0.0331291	0
9	0.0330945	0
10	0.0330645	0
11	0.0330369	0
12	0.0330107	0
13	0.0329854	0
14	0.0329606	0
15	0.0329363	0
16	0.0329122	0
17	0.0328885	0
18	0.0328649	0
19	0.0328416	0
20	0.0328185	0
21	0.0327955	0
22	0.0327726	0
23	0.0327499	0
24	0.0327273	0
25	0.0327048	0
26	0.0326825	0
27	0.0326602	0
28	0.0326381	0
29	0.0326161	0
30	0.0325942	0
31	0.0325724	0
32	0.0325507	0
33	0.0325291	0
34	0.0325076	0
35	0.0324862	0
36	0.0324649	0
37	0.0324438	0
38	0.0324228	0
39	0.0324019	0
40	0.0323811	0
41	0.0323604	0
42	0.0323399	0
43	0.0323195	0
44	0.0322992	0
45	0.0322791	0
46	0.0322591	0
47	0.0322392	0
48	0.0322195	0
49	0.0322	0
50	0.0321805	0
51	0.0321613	0
52	0.0321422	0
53	0.0321232	0
54	0.0321044	0
55	0.0320858	0
56	0.0320673	0
57	0.032049	0
58	0.0320308	0
59	0.0320128	0
60	0.0319949	0
61	0.0319772	0
62	0.0319597	0
63	0.0319423	0
64	0.0319251	0
65	0.031908	0
66	0.031891	0
67	0.0318743	0
68	0.0318576	0
69	0.0318411	0
70	0.0318248	0
71	0.0318085	0
72	0.0317925	0
73	0.0317765	0
74	0.0317607	0
75	0.031745	0
76	0.0317295	0
77	0.031714	0
78	0.0316987	0
79	0.0316835	0
80	0.0316685	0
81	0.0316535	0
82	0.0316387	0
83	0.0316239	0
84	0.0316093	0
85	0.0315948	0
86	0.0315804	0
87	0.031566	0
88	0.0315518	0
89	0.0315377	0
90	0.0315236	0
91	0.0315097	0
92	0.0314958	0
93	0.031482	0
94	0.0314683	0
95	0.0314547	0
96	0.0314412	0
97	0.0314277	0
98	0.0314143	0
99	0.031401	0
100	0.0313877	0
101	0.0313746	0
102	0.0313614	0
103	0.0313484	0
104	0.0313354	0
105	0.0313225	0
106	0.0313096	0
107	0.0312968	0
108	0.031284	0
109	0.0312713	0
110	0.0312586	0
111	0.031246	0
112	0.0312335	0
113	0.031221	0
114	0.0312085	0
115	0.0311961	0
116	0.0311837	0
117	0.0311714	0
118	0.0311591	0
119	0.0311468	0
120	0.0311346	0
121	0.0311224	0
122	0.0311102	0
123	0.0310981	0
124	0.031086	0
125	0.031074	0
126	0.031062	0
127	0.03105	0
128	0.031038	0
129	0.0310261	0
130	0.0310142	0
131	0.0310023	0
132	0.0309904	0
133	0.0309786	0
134	0.0309668	0
135	0.030955	0
136	0.0309432	0
137	0.0309315	0
138	0.0309198	0
139	0.0309081	0
140	0.0308964	0
141	0.0308847	0
142	0.0308731	0
143	0.0308614	0
144	0.0308498	0
145	0.0308382	0
146	0.0308266	0
147	0.0308151	0
148	0.0308035	0
149	0.030792	0
150	0.0307805	0
151	0.030769	0
152	0.0307575	0
153	0.030746	0
154	0.0307345	0
155	0.0307231	0
156	0.0307116	0
157	0.0307002	0
158	0.0306888	0
159	0.0306774	0
160	0.030666	0
161	0.0306546	0
162	0.0306433	0
163	0.0306319	0
164	0.0306206	0
165	0.0306092	0
166	0.0305979	0
167	0.0305866	0
168	0.0305753	0
169	0.030564	0
170	0.0305527	0
171	0.0305415	0
172	0.0305302	0
173	0.030519	0
174	0.0305077	0
175	0.0304965	0
176	0.0304853	0
177	0.0304741	0
178	0.0304629	0
179	0.0304518	0
180	0.0304406	0
181	0.0304294	0
182	0.0304183	0
183	0.0304072	0
184	0.0303961	0
185	0.030385	0
186	0.0303739	0
187	0.0303628	0
188	0.0303518	0
189	0.0303407	0
190	0.0303297	0
191	0.0303187	0
192	0.0303077	0
193	0.0302967	0
194	0.0302857	0
195	0.0302748	0
196	0.0302638	0
197	0.0302529	0
198	0.030242	0
199	0.0302311	0
200	0.0302202	0
201	0.0302093	0
202	0.0301985	0
203	0.0301877	0
204	0.0301769	0
205	0.0301661	0
206	0.0301553	0
207	0.0301445	0
208	0.0301338	0
209	0.0301231	0
210	0.0301124	0
211	0.0301017	0
212	0.030091	0
213	0.0300804	0
214	0.0300698	0
215	0.0300592	0
216	0.0300486	0
217	0.0300381	0
218	0.0300275	0
219	0.030017	0
220	0.0300065	0
221	0.029996	0
222	0.0299856	0
223	0.0299752	0
224	0.0299648	0
225	0.0299544	0
226	0.029944	0
227	0.0299337	0
228	0.0299234	0
229	0.0299131	0
230	0.0299029	0
231	0.0298926	0
232	0.0298824	0
233	0.0298722	0
234	0.0298621	0
235	0.029852	0
236	0.0298419	0
237	0.0298318	0
238	0.0298217	0
239	0.0298117	0
240	0.0298017	0
241	0.0297918	0
242	0.0297818	0
243	0.0297719	0
244	0.029762	0
245	0.0297522	0
246	0.0297424	0
247	0.0297326	0
248	0.0297228	0
249	0.0297131	0
250	0.0297034	0
251	0.0296937	0
252	0.029684	0
253	0.0296744	0
254	0.0296648	0
255	0.0296553	0
256	0.0296457	0
257	0.0296362	0
258	0.0296268	0
259	0.0296174	0
260	0.029608	0
261	0.0295986	0
262	0.0295892	0
263	0.0295799	0
264	0.0295707	0
265	0.0295614	0
266	0.0295522	0
267	0.029543	0
268	0.0295339	0
269	0.0295248	0
270	0.0295157	0
271	0.0295066	0
272	0.0294976	0
273	0.0294886	0
274	0.0294797	0
275	0.0294707	0
276	0.0294618	0
277	0.029453	0
278	0.0294442	0
279	0.0294354	0
280	0.0294266	0
281	0.0294179	0
282	0.0294092	0
283	0.0294005	0
284	0.0293919	0
285	0.0293833	0
286	0.0293747	0
287	0.0293662	0
288	0.0293577	0
289	0.0293492	0
290	0.0293408	0
291	0.0293324	0
292	0.029324	0
293	0.0293157	0
294	0.0293074	0
295	0.0292991	0
296	0.0292909	0
297	0.0292826	0
298	0.0292745	0
299	0.0292663	0
300	0.0292582	0
301	0.0292501	0
302	0.0292421	0
303	0.0292341	0
304	0.0292261	0
305	0.0292181	0
306	0.0292102	0
307	0.0292023	0
308	0.0291945	0
309	0.0291866	0
310	0.0291788	0
311	0.0291711	0
312	0.0291634	0
313	0.0291557	0
314	0.029148	0
315	0.0291404	0
316	0.0291328	0
317	0.0291252	0
318	0.0291176	0
319	0.0291101	0
320	0.0291027	0
321	0.0290952	0
322	0.0290878	0
323	0.0290804	0
324	0.0290731	0
325	0.0290658	0
326	0.0290585	0
327	0.0290512	0
328	0.029044	0
329	0.0290368	0
330	0.0290297	0
331	0.0290225	0
332	0.0290154	0
333	0.0290084	0
334	0.0290013	0
335	0.0289943	0
336	0.0289874	0
337	0.0289804	0
338	0.0289735	0
339	0.0289667	0
340	0.0289598	0
341	0.028953	0
342	0.0289462	0
343	0.0289395	0
344	0.0289328	0
345	0.0289261	0
346	0.0289195	0
347	0.0289128	0
348	0.0289063	0
349	0.0288997	0
350	0.0288932	0
351	0.0288867	0
352	0.0288802	0
353	0.0288738	0
354	0.0288674	0
355	0.0288611	0
356	0.0288547	0
357	0.0288484	0
358	0.0288422	0
359	0.0288359	0
360	0.0288297	0
361	0.0288236	0
362	0.0288174	0
363	0.0288113	0
364	0.0288052	0
365	0.0287992	0
366	0.0287932	0
367	0.0287872	0
368	0.0287813	0
369	0.0287753	0
370	0.0287695	0
371	0.0287636	0
372	0.0287578	0
373	0.028752	0
374	0.0287462	0
375	0.0287405	0
376	0.0287348	0
377	0.0287291	0
378	0.0287235	0
379	0.0287179	0
380	0.0287123	0
381	0.0287067	0
382	0.0287012	0
383	0.0286957	0
384	0.0286903	0
385	0.0286849	0
386	0.0286795	0
387	0.0286741	0
388	0.0286688	0
389	0.0286635	0
390	0.0286582	0
391	0.0286529	0
392	0.0286477	0
393	0.0286425	0
394	0.0286374	0
395	0.0286322	0
396	0.0286271	0
397	0.028622	0
398	0.028617	0
399	0.028612	0
400	0.028607	0
401	0.028602	0
402	0.0285971	0
403	0.0285922	0
404	0.0285873	0
405	0.0285824	0
406	0.0285776	0
407	0.0285728	0
408	0.028568	0
409	0.0285633	0
410	0.0285585	0
411	0.0285538	0
412	0.0285492	0
413	0.0285445	0
414	0.0285399	0
415	0.0285353	0
416	0.0285308	0
417	0.0285262	0
418	0.0285217	0
419	0.0285172	0
420	0.0285127	0
421	0.0285083	0
422	0.0285039	0
423	0.0284995	0
424	0.0284951	0
425	0.0284908	0
426	0.0284865	0
427	0.0284822	0
428	0.0284779	0
429	0.0284736	0
430	0.0284694	0
431	0.0284652	0
432	0.028461	0
433	0.0284569	0
434	0.0284527	0
435	0.0284486	0
436	0.0284445	0
437	0.0284404	0
438	0.0284364	0
439	0.0284324	0
440	0.0284284	0
441	0.0284244	0
442	0.0284204	0
443	0.0284165	0
444	0.0284125	0
445	0.0284086	0
446	0.0284048	0
447	0.0284009	0
448	0.0283971	0
449	0.0283932	0
450	0.0283894	0
451	0.0283857	0
452	0.0283819	0
453	0.0283782	0
454	0.0283744	0
455	0.0283707	0
456	0.028367	0
457	0.0283634	0
458	0.0283597	0
459	0.0283561	0
460	0.0283525	0
461	0.0283489	0
462	0.0283453	0
463	0.0283417	0
464	0.0283382	0
465	0.0283347	0
466	0.0283312	0
467	0.0283277	0
468	0.0283242	0
469	0.0283207	0
470	0.0283173	0
471	0.0283138	0
472	0.0283104	0
473	0.028307	0
474	0.0283036	0
475	0.0283003	0
476	0.0282969	0
477	0.0282936	0
478	0.0282902	0
479	0.0282869	0
480	0.0282836	0
481	0.0282803	0
482	0.0282771	0
483	0.0282738	0
484	0.0282706	0
485	0.0282673	0
486	0.0282641	0
487	0.0282609	0
488	0.0282577	0
489	0.0282545	0
490	0.0282513	0
491	0.0282482	0
492	0.028245	0
493	0.0282419	0
494	0.0282387	0
495	0.0282356	0
496	0.0282325	0
497	0.0282294	0
498	0.0282263	0
499	0.0282233	0
500	0.0282202	0
501	0.0282171	0
502	0.0282141	0
503	0.028211	0
504	0.028208	0
505	0.028205	0
506	0.028202	0
507	0.028199	0
508	0.028196	0
509	0.028193	0
510	0.02819	0
511	0.028187	0
512	0.0281841	0
513	0.0281811	0
514	0.0281781	0
515	0.0281752	0
516	0.0281722	0
517	0.0281693	0
518	0.0281664	0
519	0.0281635	0
520	0.0281605	0
521	0.0281576	0
522	0.0281547	0
523	0.0281518	0
524	0.0281489	0
525	0.028146	0
526	0.0281431	0
527	0.0281403	0
528	0.0281374	0
529	0.0281345	0
530	0.0281316	0
531	0.0281288	0
532	0.0281259	0
533	0.028123	0
534	0.0281202	0
535	0.0281173	0
536	0.0281145	0
537	0.0281116	0
538	0.0281088	0
539	0.0281059	0
540	0.0281031	0
541	0.0281002	0
542	0.0280974	0
543	0.0280945	0
544	0.0280917	0
545	0.0280888	0
546	0.028086	0
547	0.0280832	0
548	0.0280803	0
549	0.0280775	0
550	0.0280746	0
551	0.0280718	0
552	0.028069	0
553	0.0280661	0
554	0.0280633	0
555	0.0280604	0
556	0.0280576	0
557	0.0280548	0
558	0.0280519	0
559	0.0280491	0
560	0.0280462	0
561	0.0280434	0
562	0.0280405	0
563	0.0280376	0
564	0.0280348	0
565	0.0280319	0
566	0.0280291	0
567	0.0280262	0
568	0.0280233	0
569	0.0280204	0
570	0.0280176	0
571	0.0280147	0
572	0.0280118	0
573	0.0280089	0
574	0.028006	0
575	0.0280031	0
576	0.0280002	0
577	0.0279973	0
578	0.0279944	0
579	0.0279915	0
580	0.0279885	0
581	0.0279856	0
582	0.0279827	0
583	0.0279797	0
584	0.0279768	0
585	0.0279738	0
586	0.0279709	0
587	0.0279679	0
588	0.0279649	0
589	0.0279619	0
590	0.027959	0
591	0.027956	0
592	0.027953	0
593	0.0279499	0
594	0.0279469	0
595	0.0279439	0
596	0.0279409	0
597	0.0279378	0
598	0.0279348	0
599	0.0279317	0
600	0.0279286	0
601	0.0279256	0
602	0.0279225	0
603	0.0279194	0
604	0.0279163	0
605	0.0279131	0
606	0.02791	0
607	0.0279069	0
608	0.0279037	0
609	0.0279006	0
610	0.0278974	0
611	0.0278942	0
612	0.027891	0
613	0.0278878	0
614	0.0278846	0
615	0.0278814	0
616	0.0278781	0
617	0.0278749	0
618	0.0278716	0
619	0.0278684	0
620	0.0278651	0
621	0.0278618	0
622	0.0278585	0
623	0.0278551	0
624	0.0278518	0
625	0.0278484	0
626	0.0278451	0
627	0.0278417	0
628	0.0278383	0
629	0.0278349	0
630	0.0278315	0
631	0.027828	0
632	0.0278246	0
633	0.0278211	0
634	0.0278176	0
635	0.0278141	0
636	0.0278106	0
637	0.0278071	0
638	0.0278035	0
639	0.0278	0
640	0.0277964	0
641	0.0277928	0
642	0.0277892	0
643	0.0277855	0
644	0.0277819	0
645	0.0277782	0
646	0.0277745	0
647	0.0277708	0
648	0.0277671	0
649	0.0277634	0
650	0.0277596	0
651	0.0277558	0
652	0.0277521	0
653	0.0277482	0
654	0.0277444	0
655	0.0277406	0
656	0.0277367	0
657	0.0277328	0
658	0.0277289	0
659	0.027725	0
660	0.027721	0
661	0.027717	0
662	0.027713	0
663	0.027709	0
664	0.027705	0
665	0.0277009	0
666	0.0276968	0
667	0.0276927	0
668	0.0276886	0
669	0.0276845	0
670	0.0276803	0
671	0.0276761	0
672	0.0276719	0
673	0.0276677	0
674	0.0276634	0
675	0.0276591	0
676	0.0276548	0
677	0.0276505	0
678	0.0276461	0
679	0.0276417	0
680	0.0276373	0
681	0.0276329	0
682	0.0276284	0
683	0.0276239	0
684	0.0276194	0
685	0.0276149	0
686	0.0276103	0
687	0.0276057	0
688	0.0276011	0
689	0.0275965	0
690	0.0275918	0
691	0.0275871	0
692	0.0275824	0
693	0.0275776	0
694	0.0275728	0
695	0.027568	0
696	0.0275632	0
697	0.0275583	0
698	0.0275534	0
699	0.0275485	0
700	0.0275435	0
701	0.0275385	0
702	0.0275335	0
703	0.0275284	0
704	0.0275234	0
705	0.0275182	0
706	0.0275131	0
707	0.0275079	0
708	0.0275027	0
709	0.0274974	0
710	0.0274922	0
711	0.0274869	0
712	0.0274815	0
713	0.0274761	0
714	0.0274707	0
715	0.0274653	0
716	0.0274598	0
717	0.0274542	0
718	0.0274487	0
719	0.0274431	0
720	0.0274375	0
721	0.0274318	0
722	0.0274261	0
723	0.0274203	0
724	0.0274146	0
725	0.0274087	0
726	0.0274029	0
727	0.027397	0
728	0.027391	0
729	0.027385	0
730	0.027379	0
731	0.027373	0
732	0.0273669	0
733	0.0273607	0
734	0.0273545	0
735	0.0273483	0
736	0.027342	0
737	0.0273357	0
738	0.0273293	0
739	0.0273229	0
740	0.0273165	0
741	0.02731	0
742	0.0273034	0
743	0.0272968	0
744	0.0272902	0
745	0.0272835	0
746	0.0272767	0
747	0.02727	0
748	0.0272631	0
749	0.0272562	0
750	0.0272493	0
751	0.0272423	0
752	0.0272353	0
753	0.0272282	0
754	0.027221	0
755	0.0272138	0
756	0.0272066	0
757	0.0271993	0
758	0.0271919	0
759	0.0271845	0
760	0.0271771	0
761	0.0271695	0
762	0.027162	0
763	0.0271543	0
764	0.0271466	0
765	0.0271389	0
766	0.0271311	0
767	0.0271232	0
768	0.0271153	0
769	0.0271073	0
770	0.0270992	0
771	0.0270911	0
772	0.0270829	0
773	0.0270747	0
774	0.0270664	0
775	0.027058	0
776	0.0270496	0
777	0.0270411	0
778	0.0270326	0
779	0.0270239	0
780	0.0270152	0
781	0.0270065	0
782	0.0269977	0
783	0.0269888	0
784	0.0269798	0
785	0.0269708	0
786	0.0269617	0
787	0.0269526	0
788	0.0269433	0
789	0.026934	0
790	0.0269247	0
791	0.0269152	0
792	0.0269057	0
793	0.0268962	0
794	0.0268865	0
795	0.0268768	0
796	0.026867	0
797	0.0268571	0
798	0.0268472	0
799	0.0268372	0
800	0.0268271	0
801	0.0268169	0
802	0.0268067	0
803	0.0267964	0
804	0.026786	0
805	0.0267756	0
806	0.026765	0
807	0.0267544	0
808	0.0267438	0
809	0.026733	0
810	0.0267222	0
811	0.0267113	0
812	0.0267003	0
813	0.0266893	0
814	0.0266781	0
815	0.0266669	0
816	0.0266557	0
817	0.0266443	0
818	0.0266329	0
819	0.0266214	0
820	0.0266098	0
821	0.0265982	0
822	0.0265865	0
823	0.0265747	0
824	0.0265628	0
825	0.0265509	0
826	0.0265389	0
827	0.0265268	0
828	0.0265146	0
829	0.0265024	0
830	0.0264901	0
831	0.0264777	0
832	0.0264653	0
833	0.0264528	0
834	0.0264402	0
835	0.0264275	0
836	0.0264148	0
837	0.026402	0
838	0.0263892	0
839	0.0263763	0
840	0.0263633	0
841	0.0263502	0
842	0.0263371	0
843	0.0263239	0
844	0.0263107	0
845	0.0262974	0
846	0.026284	0
847	0.0262706	0
848	0.0262571	0
849	0.0262436	0
850	0.02623	0
851	0.0262164	0
852	0.0262026	0
853	0.0261889	0
854	0.0261751	0
855	0.0261612	0
856	0.0261473	0
857	0.0261333	0
858	0.0261193	0
859	0.0261053	0
860	0.0260912	0
861	0.026077	0
862	0.0260628	0
863	0.0260486	0
864	0.0260343	0
865	0.02602	0
866	0.0260057	0
867	0.0259913	0
868	0.0259769	0
869	0.0259624	0
870	0.0259479	0
871	0.0259334	0
872	0.0259189	0
873	0.0259043	0
874	0.0258897	0
875	0.0258751	0
876	0.0258604	0
877	0.0258458	0
878	0.0258311	0
879	0.0258164	0
880	0.0258017	0
881	0.0257869	0
882	0.0257722	0
883	0.0257574	0
884	0.0257427	0
885	0.0257279	0
886	0.0257131	0
887	0.0256983	0
888	0.0256836	0
889	0.0256688	0
890	0.025654	0
891	0.0256392	0
892	0.0256244	0
893	0.0256096	0
894	0.0255949	0
895	0.0255801	0
896	0.0255653	0
897	0.0255506	0
898	0.0255359	0
899	0.0255212	0
900	0.0255065	0
901	0.0254918	0
902	0.0254771	0
903	0.0254625	0
904	0.0254479	0
905	0.0254333	0
906	0.0254187	0
907	0.0254042	0
908	0.0253897	0
909	0.0253752	0
910	0.0253608	0
911	0.0253463	0
912	0.025332	0
913	0.0253176	0
914	0.0253033	0
915	0.0252891	0
916	0.0252748	0
917	0.0252606	0
918	0.0252465	0
919	0.0252324	0
920	0.0252184	0
921	0.0252043	0
922	0.0251904	0
923	0.0251765	0
924	0.0251626	0
925	0.0251488	0
926	0.0251351	0
927	0.0251214	0
928	0.0251077	0
929	0.0250941	0
930	0.0250806	0
931	0.0250671	0
932	0.0250537	0
933	0.0250403	0
934	0.025027	0
935	0.0250138	0
936	0.0250006	0
937	0.0249875	0
938	0.0249744	0
939	0.0249614	0
940	0.0249485	0
941	0.0249356	0
942	0.0249228	0
943	0.0249101	0
944	0.0248975	0
945	0.0248849	0
946	0.0248723	0
947	0.0248599	0
948	0.0248475	0
949	0.0248352	0
950	0.0248229	0
951	0.0248107	0
952	0.0247986	0
953	0.0247866	0
954	0.0247746	0
955	0.0247627	0
956	0.0247509	0
957	0.0247391	0
958	0.0247274	0
959	0.0247158	0
960	0.0247043	0
961	0.0246928	0
962	0.0246814	0
963	0.0246701	0
964	0.0246588	0
965	0.0246477	0
966	0.0246365	0
967	0.0246255	0
968	0.0246145	0
969	0.0246036	0
970	0.0245928	0
971	0.0245821	0
972	0.0245714	0
973	0.0245608	0
974	0.0245502	0
975	0.0245397	0
976	0.0245293	0
977	0.024519	0
978	0.0245087	0
979	0.0244985	0
980	0.0244884	0
981	0.0244784	0
982	0.0244684	0
983	0.0244584	0
984	0.0244486	0
985	0.0244388	0
986	0.0244291	0
987	0.0244194	0
988	0.0244098	0
989	0.0244003	0
990	0.0243908	0
991	0.0243814	0
992	0.024372	0
993	0.0243628	0
994	0.0243535	0
995	0.0243444	0
996	0.0243353	0
997	0.0243262	0
998	0.0243172	0
999	0.0243083	0
1000	0.0242994	0
