1	0.0304569	0
2	0.0303235	0
3	0.0302616	0
4	0.0302297	0
5	0.0302119	0
6	0.0302014	0
7	0.030195	0
8	0.0301909	0
9	0.0301882	0
10	0.0301864	0
11	0.0301852	0
12	0.0301843	0
13	0.0301836	0
14	0.0301832	0
15	0.0301828	0
16	0.0301825	0
17	0.0301822	0
18	0.030182	0
19	0.0301817	0
20	0.0301815	0
21	0.0301813	0
22	0.0301811	0
23	0.030181	0
24	0.0301808	0
25	0.0301806	0
26	0.0301804	0
27	0.0301802	0
28	0.03018	0
29	0.0301799	0
30	0.0301797	0
31	0.0301795	0
32	0.0301793	0
33	0.0301791	0
34	0.030179	0
35	0.0301788	0
36	0.0301786	0
37	0.0301784	0
38	0.0301783	0
39	0.0301781	0
40	0.0301779	0
41	0.0301778	0
42	0.0301776	0
43	0.0301774	0
44	0.0301773	0
45	0.0301771	0
46	0.0301769	0
47	0.0301768	0
48	0.0301766	0
49	0.0301764	0
50	0.0301763	0
51	0.0301761	0
52	0.030176	0
53	0.0301758	0
54	0.0301756	0
55	0.0301755	0
56	0.0301753	0
57	0.0301752	0
58	0.030175	0
59	0.0301748	0
60	0.0301747	0
61	0.0301745	0
62	0.0301744	0
63	0.0301742	0
64	0.0301741	0
65	0.0301739	0
66	0.0301738	0
67	0.0301736	0
68	0.0301735	0
69	0.0301733	0
70	0.0301731	0
71	0.030173	0
72	0.0301728	0
73	0.0301727	0
74	0.0301725	0
75	0.0301724	0
76	0.0301722	0
77	0.0301721	0
78	0.0301719	0
79	0.0301718	0
80	0.0301716	0
81	0.0301715	0
82	0.0301713	0
83	0.0301712	0
84	0.030171	0
85	0.0301708	0
86	0.0301707	0
87	0.0301705	0
88	0.0301704	0
89	0.0301702	0
90	0.0301701	0
91	0.0301699	0
92	0.0301698	0
93	0.0301696	0
94	0.0301695	0
95	0.0301693	0
96	0.0301692	0
97	0.030169	0
98	0.0301688	0
99	0.0301687	0
100	0.0301685	0
101	0.0301684	0
102	0.0301682	0
103	0.0301681	0
104	0.0301679	0
105	0.0301678	0
106	0.0301676	0
107	0.0301674	0
108	0.0301673	0
109	0.0301671	0
110	0.030167	0
111	0.0301668	0
112	0.0301666	0
113	0.0301665	0
114	0.0301663	0
115	0.0301662	0
116	0.030166	0
117	0.0301658	0
118	0.0301657	0
119	0.0301655	0
120	0.0301654	0
121	0.0301652	0
122	0.030165	0
123	0.0301649	0
124	0.0301647	0
125	0.0301645	0
126	0.0301644	0
127	0.0301642	0
128	0.030164	0
129	0.0301639	0
130	0.0301637	0
131	0.0301635	0
132	0.0301634	0
133	0.0301632	0
134	0.030163	0
135	0.0301629	0
136	0.0301627	0
137	0.0301625	0
138	0.0301624	0
139	0.0301622	0
140	0.030162	0
141	0.0301619	0
142	0.0301617	0
143	0.0301615	0
144	0.0301613	0
145	0.0301612	0
146	0.030161	0
147	0.0301608	0
148	0.0301606	0
149	0.0301605	0
150	0.0301603	0
151	0.0301601	0
152	0.0301599	0
153	0.0301598	0
154	0.0301596	0
155	0.0301594	0
156	0.0301592	0
157	0.030159	0
158	0.0301589	0
159	0.0301587	0
160	0.0301585	0
161	0.0301583	0
162	0.0301581	0
163	0.030158	0
164	0.0301578	0
165	0.0301576	0
166	0.0301574	0
167	0.0301572	0
168	0.030157	0
169	0.0301568	0
170	0.0301567	0
171	0.0301565	0
172	0.0301563	0
173	0.0301561	0
174	0.0301559	0
175	0.0301557	0
176	0.0301555	0
177	0.0301553	0
178	0.0301551	0
179	0.0301549	0
180	0.0301548	0
181	0.0301546	0
182	0.0301544	0
183	0.0301542	0
184	0.030154	0
185	0.0301538	0
186	0.0301536	0
187	0.0301534	0
188	0.0301532	0
189	0.030153	0
190	0.0301528	0
191	0.0301526	0
192	0.0301524	0
193	0.0301522	0
194	0.030152	0
195	0.0301518	0
196	0.0301516	0
197	0.0301514	0
198	0.0301512	0
199	0.030151	0
200	0.0301508	0
201	0.0301506	0
202	0.0301504	0
203	0.0301502	0
204	0.03015	0
205	0.0301497	0
206	0.0301495	0
207	0.0301493	0
208	0.0301491	0
209	0.0301489	0
210	0.0301487	0
211	0.0301485	0
212	0.0301483	0
213	0.0301481	0
214	0.0301478	0
215	0.0301476	0
216	0.0301474	0
217	0.0301472	0
218	0.030147	0
219	0.0301468	0
220	0.0301466	0
221	0.0301463	0
222	0.0301461	0
223	0.0301459	0
224	0.0301457	0
225	0.0301455	0
226	0.0301452	0
227	0.030145	0
228	0.0301448	0
229	0.0301446	0
230	0.0301443	0
231	0.0301441	0
232	0.0301439	0
233	0.0301437	0
234	0.0301434	0
235	0.0301432	0
236	0.030143	0
237	0.0301427	0
238	0.0301425	0
239	0.0301423	0
240	0.0301421	0
241	0.0301418	0
242	0.0301416	0
243	0.0301413	0
244	0.0301411	0
245	0.0301409	0
246	0.0301406	0
247	0.0301404	0
248	0.0301402	0
249	0.0301399	0
250	0.0301397	0
251	0.0301394	0
252	0.0301392	0
253	0.030139	0
254	0.0301387	0
255	0.0301385	0
256	0.0301382	0
257	0.030138	0
258	0.0301377	0
259	0.0301375	0
260	0.0301372	0
261	0.030137	0
262	0.0301367	0
263	0.0301365	0
264	0.0301362	0
265	0.030136	0
266	0.0301357	0
267	0.0301355	0
268	0.0301352	0
269	0.0301349	0
270	0.0301347	0
271	0.0301344	0
272	0.0301342	0
273	0.0301339	0
274	0.0301336	0
275	0.0301334	0
276	0.0301331	0
277	0.0301328	0
278	0.0301326	0
279	0.0301323	0
280	0.030132	0
281	0.0301318	0
282	0.0301315	0
283	0.0301312	0
284	0.0301309	0
285	0.0301307	0
286	0.0301304	0
287	0.0301301	0
288	0.0301298	0
289	0.0301296	0
290	0.0301293	0
291	0.030129	0
292	0.0301287	0
293	0.0301284	0
294	0.0301281	0
295	0.0301279	0
296	0.0301276	0
297	0.0301273	0
298	0.030127	0
299	0.0301267	0
300	0.0301264	0
301	0.0301261	0
302	0.0301258	0
303	0.0301255	0
304	0.0301252	0
305	0.0301249	0
306	0.0301246	0
307	0.0301243	0
308	0.030124	0
309	0.0301237	0
310	0.0301234	0
311	0.0301231	0
312	0.0301228	0
313	0.0301225	0
314	0.0301222	0
315	0.0301219	0
316	0.0301216	0
317	0.0301212	0
318	0.0301209	0
319	0.0301206	0
320	0.0301203	0
321	0.03012	0
322	0.0301197	0
323	0.0301193	0
324	0.030119	0
325	0.0301187	0
326	0.0301184	0
327	0.030118	0
328	0.0301177	0
329	0.0301174	0
330	0.0301171	0
331	0.0301167	0
332	0.0301164	0
333	0.0301161	0
334	0.0301157	0
335	0.0301154	0
336	0.030115	0
337	0.0301147	0
338	0.0301144	0
339	0.030114	0
340	0.0301137	0
341	0.0301133	0
342	0.030113	0
343	0.0301126	0
344	0.0301123	0
345	0.030112	0
346	0.0301116	0
347	0.0301112	0
348	0.0301109	0
349	0.0301105	0
350	0.0301102	0
351	0.0301098	0
352	0.0301095	0
353	0.0301091	0
354	0.0301087	0
355	0.0301084	0
356	0.030108	0
357	0.0301077	0
358	0.0301073	0
359	0.0301069	0
360	0.0301066	0
361	0.0301062	0
362	0.0301058	0
363	0.0301054	0
364	0.0301051	0
365	0.0301047	0
366	0.0301043	0
367	0.0301039	0
368	0.0301036	0
369	0.0301032	0
370	0.0301028	0
371	0.0301024	0
372	0.030102	0
373	0.0301017	0
374	0.0301013	0
375	0.0301009	0
376	0.0301005	0
377	0.0301001	0
378	0.0300997	0
379	0.0300993	0
380	0.0300989	0
381	0.0300985	0
382	0.0300981	0
383	0.0300978	0
384	0.0300974	0
385	0.030097	0
386	0.0300966	0
387	0.0300962	0
388	0.0300958	0
389	0.0300954	0
390	0.030095	0
391	0.0300946	0
392	0.0300941	0
393	0.0300937	0
394	0.0300933	0
395	0.0300929	0
396	0.0300925	0
397	0.0300921	0
398	0.0300917	0
399	0.0300913	0
400	0.0300909	0
401	0.0300905	0
402	0.03009	0
403	0.0300896	0
404	0.0300892	0
405	0.0300888	0
406	0.0300884	0
407	0.030088	0
408	0.0300875	0
409	0.0300871	0
410	0.0300867	0
411	0.0300863	0
412	0.0300859	0
413	0.0300854	0
414	0.030085	0
415	0.0300846	0
416	0.0300842	0
417	0.0300837	0
418	0.0300833	0
419	0.0300829	0
420	0.0300825	0
421	0.030082	0
422	0.0300816	0
423	0.0300812	0
424	0.0300807	0
425	0.0300803	0
426	0.0300799	0
427	0.0300794	0
428	0.030079	0
429	0.0300786	0
430	0.0300781	0
431	0.0300777	0
432	0.0300773	0
433	0.0300768	0
434	0.0300764	0
435	0.030076	0
436	0.0300755	0
437	0.0300751	0
438	0.0300746	0
439	0.0300742	0
440	0.0300738	0
441	0.0300733	0
442	0.0300729	0
443	0.0300724	0
444	0.030072	0
445	0.0300716	0
446	0.0300711	0
447	0.0300707	0
448	0.0300702	0
449	0.0300698	0
450	0.0300693	0
451	0.0300689	0
452	0.0300685	0
453	0.030068	0
454	0.0300676	0
455	0.0300671	0
456	0.0300667	0
457	0.0300662	0
458	0.0300658	0
459	0.0300653	0
460	0.0300649	0
461	0.0300645	0
462	0.030064	0
463	0.0300636	0
464	0.0300631	0
465	0.0300627	0
466	0.0300622	0
467	0.0300618	0
468	0.0300613	0
469	0.0300609	0
470	0.0300604	0
471	0.03006	0
472	0.0300595	0
473	0.0300591	0
474	0.0300586	0
475	0.0300582	0
476	0.0300577	0
477	0.0300573	0
478	0.0300568	0
479	0.0300564	0
480	0.0300559	0
481	0.0300555	0
482	0.030055	0
483	0.0300546	0
484	0.0300541	0
485	0.0300537	0
486	0.0300532	0
487	0.0300528	0
488	0.0300523	0
489	0.0300519	0
490	0.0300514	0
491	0.030051	0
492	0.0300505	0
493	0.0300501	0
494	0.0300496	0
495	0.0300492	0
496	0.0300487	0
497	0.0300483	0
498	0.0300478	0
499	0.0300474	0
500	0.0300469	0
501	0.0300465	0
502	0.030046	0
503	0.0300456	0
504	0.0300451	0
505	0.0300447	0
506	0.0300442	0
507	0.0300438	0
508	0.0300433	0
509	0.0300429	0
510	0.0300424	0
511	0.030042	0
512	0.0300415	0
513	0.0300411	0
514	0.0300406	0
515	0.0300402	0
516	0.0300397	0
517	0.0300393	0
518	0.0300388	0
519	0.0300384	0
520	0.0300379	0
521	0.0300375	0
522	0.030037	0
523	0.0300366	0
524	0.0300361	0
525	0.0300357	0
526	0.0300352	0
527	0.0300348	0
528	0.0300344	0
529	0.0300339	0
530	0.0300335	0
531	0.030033	0
532	0.0300326	0
533	0.0300321	0
534	0.0300317	0
535	0.0300312	0
536	0.0300308	0
537	0.0300303	0
538	0.0300299	0
539	0.0300294	0
540	0.030029	0
541	0.0300285	0
542	0.0300281	0
543	0.0300276	0
544	0.0300272	0
545	0.0300268	0
546	0.0300263	0
547	0.0300259	0
548	0.0300254	0
549	0.030025	0
550	0.0300245	0
551	0.0300241	0
552	0.0300236	0
553	0.0300232	0
554	0.0300227	0
555	0.0300223	0
556	0.0300219	0
557	0.0300214	0
558	0.030021	0
559	0.0300205	0
560	0.0300201	0
561	0.0300196	0
562	0.0300192	0
563	0.0300187	0
564	0.0300183	0
565	0.0300178	0
566	0.0300174	0
567	0.030017	0
568	0.0300165	0
569	0.0300161	0
570	0.0300156	0
571	0.0300152	0
572	0.0300147	0
573	0.0300143	0
574	0.0300138	0
575	0.0300134	0
576	0.030013	0
577	0.0300125	0
578	0.0300121	0
579	0.0300116	0
580	0.0300112	0
581	0.0300107	0
582	0.0300103	0
583	0.0300099	0
584	0.0300094	0
585	0.030009	0
586	0.0300085	0
587	0.0300081	0
588	0.0300076	0
589	0.0300072	0
590	0.0300067	0
591	0.0300063	0
592	0.0300059	0
593	0.0300054	0
594	0.030005	0
595	0.0300045	0
596	0.0300041	0
597	0.0300036	0
598	0.0300032	0
599	0.0300027	0
600	0.0300023	0
601	0.0300019	0
602	0.0300014	0
603	0.030001	0
604	0.0300005	0
605	0.0300001	0
606	0.0299996	0
607	0.0299992	0
608	0.0299987	0
609	0.0299983	0
610	0.0299979	0
611	0.0299974	0
612	0.029997	0
613	0.0299965	0
614	0.0299961	0
615	0.0299956	0
616	0.0299952	0
617	0.0299947	0
618	0.0299943	0
619	0.0299938	0
620	0.0299934	0
621	0.029993	0
622	0.0299925	0
623	0.0299921	0
624	0.0299916	0
625	0.0299912	0
626	0.0299907	0
627	0.0299903	0
628	0.0299898	0
629	0.0299894	0
630	0.0299889	0
631	0.0299885	0
632	0.029988	0
633	0.0299876	0
634	0.0299871	0
635	0.0299867	0
636	0.0299862	0
637	0.0299858	0
638	0.0299853	0
639	0.0299849	0
640	0.0299844	0
641	0.029984	0
642	0.0299835	0
643	0.0299831	0
644	0.0299826	0
645	0.0299822	0
646	0.0299817	0
647	0.0299813	0
648	0.0299808	0
649	0.0299804	0
650	0.0299799	0
651	0.0299795	0
652	0.029979	0
653	0.0299786	0
654	0.0299781	0
655	0.0299777	0
656	0.0299772	0
657	0.0299768	0
658	0.0299763	0
659	0.0299759	0
660	0.0299754	0
661	0.029975	0
662	0.0299745	0
663	0.0299741	0
664	0.0299736	0
665	0.0299731	0
666	0.0299727	0
667	0.0299722	0
668	0.0299718	0
669	0.0299713	0
670	0.0299709	0
671	0.0299704	0
672	0.02997	0
673	0.0299695	0
674	0.029969	0
675	0.0299686	0
676	0.0299681	0
677	0.0299677	0
678	0.0299672	0
679	0.0299668	0
680	0.0299663	0
681	0.0299658	0
682	0.0299654	0
683	0.0299649	0
684	0.0299645	0
685	0.029964	0
686	0.0299635	0
687	0.0299631	0
688	0.0299626	0
689	0.0299621	0
690	0.0299617	0
691	0.0299612	0
692	0.0299608	0
693	0.0299603	0
694	0.0299598	0
695	0.0299594	0
696	0.0299589	0
697	0.0299584	0
698	0.029958	0
699	0.0299575	0
700	0.029957	0
701	0.0299566	0
702	0.0299561	0
703	0.0299556	0
704	0.0299552	0
705	0.0299547	0
706	0.0299542	0
707	0.0299538	0
708	0.0299533	0
709	0.0299528	0
710	0.0299524	0
711	0.0299519	0
712	0.0299514	0
713	0.0299509	0
714	0.0299505	0
715	0.02995	0
716	0.0299495	0
717	0.0299491	0
718	0.0299486	0
719	0.0299481	0
720	0.0299476	0
721	0.0299472	0
722	0.0299467	0
723	0.0299462	0
724	0.0299457	0
725	0.0299453	0
726	0.0299448	0
727	0.0299443	0
728	0.0299438	0
729	0.0299433	0
730	0.0299429	0
731	0.0299424	0
732	0.0299419	0
733	0.0299414	0
734	0.029941	0
735	0.0299405	0
736	0.02994	0
737	0.0299395	0
738	0.029939	0
739	0.0299385	0
740	0.0299381	0
741	0.0299376	0
742	0.0299371	0
743	0.0299366	0
744	0.0299361	0
745	0.0299356	0
746	0.0299352	0
747	0.0299347	0
748	0.0299342	0
749	0.0299337	0
750	0.0299332	0
751	0.0299327	0
752	0.0299322	0
753	0.0299317	0
754	0.0299313	0
755	0.0299308	0
756	0.0299303	0
757	0.0299298	0
758	0.0299293	0
759	0.0299288	0
760	0.0299283	0
761	0.0299278	0
762	0.0299273	0
763	0.0299268	0
764	0.0299263	0
765	0.0299258	0
766	0.0299253	0
767	0.0299248	0
768	0.0299243	0
769	0.0299239	0
770	0.0299234	0
771	0.0299229	0
772	0.0299224	0
773	0.0299219	0
774	0.0299214	0
775	0.0299209	0
776	0.0299204	0
777	0.0299199	0
778	0.0299194	0
779	0.0299189	0
780	0.0299183	0
781	0.0299178	0
782	0.0299173	0
783	0.0299168	0
784	0.0299163	0
785	0.0299158	0
786	0.0299153	0
787	0.0299148	0
788	0.0299143	0
789	0.0299138	0
790	0.0299133	0
791	0.0299128	0
792	0.0299123	0
793	0.0299118	0
794	0.0299113	0
795	0.0299107	0
796	0.0299102	0
797	0.0299097	0
798	0.0299092	0
799	0.0299087	0
800	0.0299082	0
801	0.0299077	0
802	0.0299072	0
803	0.0299066	0
804	0.0299061	0
805	0.0299056	0
806	0.0299051	0
807	0.0299046	0
808	0.0299041	0
809	0.0299036	0
810	0.029903	0
811	0.0299025	0
812	0.029902	0
813	0.0299015	0
814	0.029901	0
815	0.0299004	0
816	0.0298999	0
817	0.0298994	0
818	0.0298989	0
819	0.0298984	0
820	0.0298978	0
821	0.0298973	0
822	0.0298968	0
823	0.0298963	0
824	0.0298957	0
825	0.0298952	0
826	0.0298947	0
827	0.0298942	0
828	0.0298936	0
829	0.0298931	0
830	0.0298926	0
831	0.029892	0
832	0.0298915	0
833	0.029891	0
834	0.0298905	0
835	0.0298899	0
836	0.0298894	0
837	0.0298889	0
838	0.0298883	0
839	0.0298878	0
840	0.0298873	0
841	0.0298867	0
842	0.0298862	0
843	0.0298857	0
844	0.0298852	0
845	0.0298846	0
846	0.0298841	0
847	0.0298836	0
848	0.029883	0
849	0.0298825	0
850	0.0298819	0
851	0.0298814	0
852	0.0298809	0
853	0.0298803	0
854	0.0298798	0
855	0.0298793	0
856	0.0298787	0
857	0.0298782	0
858	0.0298777	0
859	0.0298771	0
860	0.0298766	0
861	0.029876	0
862	0.0298755	0
863	0.029875	0
864	0.0298744	0
865	0.0298739	0
866	0.0298733	0
867	0.0298728	0
868	0.0298723	0
869	0.0298717	0
870	0.0298712	0
871	0.0298706	0
872	0.0298701	0
873	0.0298696	0
874	0.029869	0
875	0.0298685	0
876	0.0298679	0
877	0.0298674	0
878	0.0298668	0
879	0.0298663	0
880	0.0298658	0
881	0.0298652	0
882	0.0298647	0
883	0.0298641	0
884	0.0298636	0
885	0.029863	0
886	0.0298625	0
887	0.029862	0
888	0.0298614	0
889	0.0298609	0
890	0.0298603	0
891	0.0298598	0
892	0.0298592	0
893	0.0298587	0
894	0.0298582	0
895	0.0298576	0
896	0.0298571	0
897	0.0298565	0
898	0.029856	0
899	0.0298554	0
900	0.0298549	0
901	0.0298543	0
902	0.0298538	0
903	0.0298533	0
904	0.0298527	0
905	0.0298522	0
906	0.0298516	0
907	0.0298511	0
908	0.0298505	0
909	0.02985	0
910	0.0298495	0
911	0.0298489	0
912	0.0298484	0
913	0.0298478	0
914	0.0298473	0
915	0.0298468	0
916	0.0298462	0
917	0.0298457	0
918	0.0298451	0
919	0.0298446	0
920	0.029844	0
921	0.0298435	0
922	0.029843	0
923	0.0298424	0
924	0.0298419	0
925	0.0298414	0
926	0.0298408	0
927	0.0298403	0
928	0.0298397	0
929	0.0298392	0
930	0.0298387	0
931	0.0298381	0
932	0.0298376	0
933	0.0298371	0
934	0.0298365	0
935	0.029836	0
936	0.0298355	0
937	0.0298349	0
938	0.0298344	0
939	0.0298339	0
940	0.0298333	0
941	0.0298328	0
942	0.0298323	0
943	0.0298317	0
944	0.0298312	0
945	0.0298307	0
946	0.0298301	0
947	0.0298296	0
948	0.0298291	0
949	0.0298286	0
950	0.029828	0
951	0.0298275	0
952	0.029827	0
953	0.0298265	0
954	0.0298259	0
955	0.0298254	0
956	0.0298249	0
957	0.0298244	0
958	0.0298238	0
959	0.0298233	0
960	0.0298228	0
961	0.0298223	0
962	0.0298218	0
963	0.0298213	0
964	0.0298207	0
965	0.0298202	0
966	0.0298197	0
967	0.0298192	0
968	0.0298187	0
969	0.0298182	0
970	0.0298177	0
971	0.0298171	0
972	0.0298166	0
973	0.0298161	0
974	0.0298156	0
975	0.0298151	0
976	0.0298146	0
977	0.0298141	0
978	0.0298136	0
979	0.0298131	0
980	0.0298126	0
981	0.0298121	0
982	0.0298116	0
983	0.0298111	0
984	0.0298106	0
985	0.0298101	0
986	0.0298096	0
987	0.0298091	0
988	0.0298086	0
989	0.0298081	0
990	0.0298076	0
991	0.0298071	0
992	0.0298067	0
993	0.0298062	0
994	0.0298057	0
995	0.0298052	0
996	0.0298047	0
997	0.0298042	0
998	0.0298037	0
999	0.0298033	0
1000	0.0298028	0
