1	0.0302668	0
2	0.0301653	0
3	0.0301537	0
4	0.0301505	0
5	0.0301478	0
6	0.0301453	0
7	0.0301429	0
8	0.0301406	0
9	0.0301383	0
10	0.0301361	0
11	0.030134	0
12	0.0301319	0
13	0.0301299	0
14	0.0301279	0
15	0.0301259	0
16	0.030124	0
17	0.0301222	0
18	0.0301203	0
19	0.0301186	0
20	0.0301168	0
21	0.0301151	0
22	0.0301134	0
23	0.0301117	0
24	0.0301101	0
25	0.0301085	0
26	0.0301069	0
27	0.0301053	0
28	0.0301038	0
29	0.0301023	0
30	0.0301008	0
31	0.0300993	0
32	0.0300978	0
33	0.0300964	0
34	0.0300949	0
35	0.0300935	0
36	0.0300921	0
37	0.0300908	0
38	0.0300894	0
39	0.0300881	0
40	0.0300867	0
41	0.0300854	0
42	0.0300841	0
43	0.0300828	0
44	0.0300816	0
45	0.0300803	0
46	0.030079	0
47	0.0300778	0
48	0.0300766	0
49	0.0300753	0
50	0.0300741	0
51	0.0300729	0
52	0.0300717	0
53	0.0300706	0
54	0.0300694	0
55	0.0300682	0
56	0.0300671	0
57	0.0300659	0
58	0.0300648	0
59	0.0300637	0
60	0.0300625	0
61	0.0300614	0
62	0.0300603	0
63	0.0300592	0
64	0.0300581	0
65	0.030057	0
66	0.030056	0
67	0.0300549	0
68	0.0300538	0
69	0.0300528	0
70	0.0300517	0
71	0.0300507	0
72	0.0300496	0
73	0.0300486	0
74	0.0300475	0
75	0.0300465	0
76	0.0300455	0
77	0.0300445	0
78	0.0300435	0
79	0.0300425	0
80	0.0300415	0
81	0.0300405	0
82	0.0300395	0
83	0.0300385	0
84	0.0300375	0
85	0.0300366	0
86	0.0300356	0
87	0.0300346	0
88	0.0300337	0
89	0.0300327	0
90	0.0300318	0
91	0.0300308	0
92	0.0300299	0
93	0.0300289	0
94	0.030028	0
95	0.0300271	0
96	0.0300262	0
97	0.0300252	0
98	0.0300243	0
99	0.0300234	0
100	0.0300225	0
101	0.0300216	0
102	0.0300207	0
103	0.0300198	0
104	0.0300189	0
105	0.030018	0
106	0.0300171	0
107	0.0300163	0
108	0.0300154	0
109	0.0300145	0
110	0.0300137	0
111	0.0300128	0
112	0.0300119	0
113	0.0300111	0
114	0.0300102	0
115	0.0300094	0
116	0.0300085	0
117	0.0300077	0
118	0.0300069	0
119	0.030006	0
120	0.0300052	0
121	0.0300044	0
122	0.0300036	0
123	0.0300028	0
124	0.030002	0
125	0.0300012	0
126	0.0300004	0
127	0.0299996	0
128	0.0299988	0
129	0.029998	0
130	0.0299972	0
131	0.0299964	0
132	0.0299956	0
133	0.0299949	0
134	0.0299941	0
135	0.0299933	0
136	0.0299926	0
137	0.0299918	0
138	0.0299911	0
139	0.0299903	0
140	0.0299896	0
141	0.0299888	0
142	0.0299881	0
143	0.0299874	0
144	0.0299866	0
145	0.0299859	0
146	0.0299852	0
147	0.0299845	0
148	0.0299838	0
149	0.0299831	0
150	0.0299824	0
151	0.0299817	0
152	0.029981	0
153	0.0299803	0
154	0.0299796	0
155	0.0299789	0
156	0.0299783	0
157	0.0299776	0
158	0.0299769	0
159	0.0299763	0
160	0.0299756	0
161	0.029975	0
162	0.0299743	0
163	0.0299737	0
164	0.029973	0
165	0.0299724	0
166	0.0299718	0
167	0.0299711	0
168	0.0299705	0
169	0.0299699	0
170	0.0299693	0
171	0.0299687	0
172	0.0299681	0
173	0.0299675	0
174	0.0299669	0
175	0.0299663	0
176	0.0299657	0
177	0.0299651	0
178	0.0299645	0
179	0.029964	0
180	0.0299634	0
181	0.0299628	0
182	0.0299623	0
183	0.0299617	0
184	0.0299611	0
185	0.0299606	0
186	0.0299601	0
187	0.0299595	0
188	0.029959	0
189	0.0299584	0
190	0.0299579	0
191	0.0299574	0
192	0.0299569	0
193	0.0299564	0
194	0.0299558	0
195	0.0299553	0
196	0.0299548	0
197	0.0299543	0
198	0.0299538	0
199	0.0299533	0
200	0.0299529	0
201	0.0299524	0
202	0.0299519	0
203	0.0299514	0
204	0.0299509	0
205	0.0299505	0
206	0.02995	0
207	0.0299496	0
208	0.0299491	0
209	0.0299486	0
210	0.0299482	0
211	0.0299477	0
212	0.0299473	0
213	0.0299469	0
214	0.0299464	0
215	0.029946	0
216	0.0299456	0
217	0.0299452	0
218	0.0299447	0
219	0.0299443	0
220	0.0299439	0
221	0.0299435	0
222	0.0299431	0
223	0.0299427	0
224	0.0299423	0
225	0.0299419	0
226	0.0299415	0
227	0.0299411	0
228	0.0299407	0
229	0.0299403	0
230	0.02994	0
231	0.0299396	0
232	0.0299392	0
233	0.0299388	0
234	0.0299385	0
235	0.0299381	0
236	0.0299377	0
237	0.0299374	0
238	0.029937	0
239	0.0299367	0
240	0.0299363	0
241	0.029936	0
242	0.0299356	0
243	0.0299353	0
244	0.029935	0
245	0.0299346	0
246	0.0299343	0
247	0.029934	0
248	0.0299336	0
249	0.0299333	0
250	0.029933	0
251	0.0299327	0
252	0.0299323	0
253	0.029932	0
254	0.0299317	0
255	0.0299314	0
256	0.0299311	0
257	0.0299308	0
258	0.0299305	0
259	0.0299302	0
260	0.0299299	0
261	0.0299296	0
262	0.0299293	0
263	0.029929	0
264	0.0299287	0
265	0.0299285	0
266	0.0299282	0
267	0.0299279	0
268	0.0299276	0
269	0.0299273	0
270	0.0299271	0
271	0.0299268	0
272	0.0299265	0
273	0.0299262	0
274	0.029926	0
275	0.0299257	0
276	0.0299254	0
277	0.0299252	0
278	0.0299249	0
279	0.0299247	0
280	0.0299244	0
281	0.0299242	0
282	0.0299239	0
283	0.0299236	0
284	0.0299234	0
285	0.0299232	0
286	0.0299229	0
287	0.0299227	0
288	0.0299224	0
289	0.0299222	0
290	0.0299219	0
291	0.0299217	0
292	0.0299215	0
293	0.0299212	0
294	0.029921	0
295	0.0299208	0
296	0.0299205	0
297	0.0299203	0
298	0.0299201	0
299	0.0299198	0
300	0.0299196	0
301	0.0299194	0
302	0.0299192	0
303	0.0299189	0
304	0.0299187	0
305	0.0299185	0
306	0.0299183	0
307	0.0299181	0
308	0.0299178	0
309	0.0299176	0
310	0.0299174	0
311	0.0299172	0
312	0.029917	0
313	0.0299168	0
314	0.0299165	0
315	0.0299163	0
316	0.0299161	0
317	0.0299159	0
318	0.0299157	0
319	0.0299155	0
320	0.0299153	0
321	0.0299151	0
322	0.0299149	0
323	0.0299147	0
324	0.0299145	0
325	0.0299143	0
326	0.0299141	0
327	0.0299139	0
328	0.0299137	0
329	0.0299135	0
330	0.0299133	0
331	0.0299131	0
332	0.0299129	0
333	0.0299127	0
334	0.0299125	0
335	0.0299123	0
336	0.0299121	0
337	0.0299119	0
338	0.0299117	0
339	0.0299115	0
340	0.0299113	0
341	0.0299111	0
342	0.0299109	0
343	0.0299107	0
344	0.0299105	0
345	0.0299103	0
346	0.0299101	0
347	0.0299099	0
348	0.0299097	0
349	0.0299095	0
350	0.0299093	0
351	0.0299091	0
352	0.0299089	0
353	0.0299087	0
354	0.0299085	0
355	0.0299083	0
356	0.0299081	0
357	0.0299079	0
358	0.0299077	0
359	0.0299076	0
360	0.0299074	0
361	0.0299072	0
362	0.029907	0
363	0.0299068	0
364	0.0299066	0
365	0.0299064	0
366	0.0299062	0
367	0.029906	0
368	0.0299058	0
369	0.0299056	0
370	0.0299054	0
371	0.0299052	0
372	0.029905	0
373	0.0299048	0
374	0.0299046	0
375	0.0299044	0
376	0.0299042	0
377	0.029904	0
378	0.0299038	0
379	0.0299036	0
380	0.0299034	0
381	0.0299032	0
382	0.029903	0
383	0.0299028	0
384	0.0299026	0
385	0.0299024	0
386	0.0299022	0
387	0.029902	0
388	0.0299018	0
389	0.0299016	0
390	0.0299014	0
391	0.0299012	0
392	0.029901	0
393	0.0299007	0
394	0.0299005	0
395	0.0299003	0
396	0.0299001	0
397	0.0298999	0
398	0.0298997	0
399	0.0298995	0
400	0.0298993	0
401	0.0298991	0
402	0.0298988	0
403	0.0298986	0
404	0.0298984	0
405	0.0298982	0
406	0.029898	0
407	0.0298978	0
408	0.0298975	0
409	0.0298973	0
410	0.0298971	0
411	0.0298969	0
412	0.0298966	0
413	0.0298964	0
414	0.0298962	0
415	0.029896	0
416	0.0298957	0
417	0.0298955	0
418	0.0298953	0
419	0.029895	0
420	0.0298948	0
421	0.0298946	0
422	0.0298943	0
423	0.0298941	0
424	0.0298939	0
425	0.0298936	0
426	0.0298934	0
427	0.0298932	0
428	0.0298929	0
429	0.0298927	0
430	0.0298924	0
431	0.0298922	0
432	0.0298919	0
433	0.0298917	0
434	0.0298914	0
435	0.0298912	0
436	0.0298909	0
437	0.0298907	0
438	0.0298904	0
439	0.0298902	0
440	0.0298899	0
441	0.0298897	0
442	0.0298894	0
443	0.0298892	0
444	0.0298889	0
445	0.0298886	0
446	0.0298884	0
447	0.0298881	0
448	0.0298878	0
449	0.0298876	0
450	0.0298873	0
451	0.029887	0
452	0.0298868	0
453	0.0298865	0
454	0.0298862	0
455	0.0298859	0
456	0.0298857	0
457	0.0298854	0
458	0.0298851	0
459	0.0298848	0
460	0.0298845	0
461	0.0298843	0
462	0.029884	0
463	0.0298837	0
464	0.0298834	0
465	0.0298831	0
466	0.0298828	0
467	0.0298825	0
468	0.0298822	0
469	0.0298819	0
470	0.0298816	0
471	0.0298813	0
472	0.029881	0
473	0.0298807	0
474	0.0298804	0
475	0.0298801	0
476	0.0298798	0
477	0.0298795	0
478	0.0298792	0
479	0.0298789	0
480	0.0298786	0
481	0.0298782	0
482	0.0298779	0
483	0.0298776	0
484	0.0298773	0
485	0.029877	0
486	0.0298766	0
487	0.0298763	0
488	0.029876	0
489	0.0298757	0
490	0.0298753	0
491	0.029875	0
492	0.0298747	0
493	0.0298743	0
494	0.029874	0
495	0.0298736	0
496	0.0298733	0
497	0.029873	0
498	0.0298726	0
499	0.0298723	0
500	0.0298719	0
501	0.0298716	0
502	0.0298712	0
503	0.0298709	0
504	0.0298705	0
505	0.0298702	0
506	0.0298698	0
507	0.0298695	0
508	0.0298691	0
509	0.0298687	0
510	0.0298684	0
511	0.029868	0
512	0.0298676	0
513	0.0298673	0
514	0.0298669	0
515	0.0298665	0
516	0.0298662	0
517	0.0298658	0
518	0.0298654	0
519	0.029865	0
520	0.0298646	0
521	0.0298643	0
522	0.0298639	0
523	0.0298635	0
524	0.0298631	0
525	0.0298627	0
526	0.0298623	0
527	0.0298619	0
528	0.0298615	0
529	0.0298611	0
530	0.0298607	0
531	0.0298603	0
532	0.0298599	0
533	0.0298595	0
534	0.0298591	0
535	0.0298587	0
536	0.0298583	0
537	0.0298579	0
538	0.0298575	0
539	0.0298571	0
540	0.0298567	0
541	0.0298563	0
542	0.0298558	0
543	0.0298554	0
544	0.029855	0
545	0.0298546	0
546	0.0298541	0
547	0.0298537	0
548	0.0298533	0
549	0.0298529	0
550	0.0298524	0
551	0.029852	0
552	0.0298516	0
553	0.0298511	0
554	0.0298507	0
555	0.0298503	0
556	0.0298498	0
557	0.0298494	0
558	0.0298489	0
559	0.0298485	0
560	0.029848	0
561	0.0298476	0
562	0.0298471	0
563	0.0298467	0
564	0.0298462	0
565	0.0298458	0
566	0.0298453	0
567	0.0298449	0
568	0.0298444	0
569	0.0298439	0
570	0.0298435	0
571	0.029843	0
572	0.0298426	0
573	0.0298421	0
574	0.0298416	0
575	0.0298411	0
576	0.0298407	0
577	0.0298402	0
578	0.0298397	0
579	0.0298393	0
580	0.0298388	0
581	0.0298383	0
582	0.0298378	0
583	0.0298373	0
584	0.0298369	0
585	0.0298364	0
586	0.0298359	0
587	0.0298354	0
588	0.0298349	0
589	0.0298344	0
590	0.0298339	0
591	0.0298334	0
592	0.029833	0
593	0.0298325	0
594	0.029832	0
595	0.0298315	0
596	0.029831	0
597	0.0298305	0
598	0.02983	0
599	0.0298295	0
600	0.029829	0
601	0.0298285	0
602	0.029828	0
603	0.0298275	0
604	0.0298269	0
605	0.0298264	0
606	0.0298259	0
607	0.0298254	0
608	0.0298249	0
609	0.0298244	0
610	0.0298239	0
611	0.0298234	0
612	0.0298228	0
613	0.0298223	0
614	0.0298218	0
615	0.0298213	0
616	0.0298208	0
617	0.0298202	0
618	0.0298197	0
619	0.0298192	0
620	0.0298187	0
621	0.0298182	0
622	0.0298176	0
623	0.0298171	0
624	0.0298166	0
625	0.029816	0
626	0.0298155	0
627	0.029815	0
628	0.0298144	0
629	0.0298139	0
630	0.0298134	0
631	0.0298128	0
632	0.0298123	0
633	0.0298118	0
634	0.0298112	0
635	0.0298107	0
636	0.0298102	0
637	0.0298096	0
638	0.0298091	0
639	0.0298085	0
640	0.029808	0
641	0.0298075	0
642	0.0298069	0
643	0.0298064	0
644	0.0298058	0
645	0.0298053	0
646	0.0298047	0
647	0.0298042	0
648	0.0298036	0
649	0.0298031	0
650	0.0298026	0
651	0.029802	0
652	0.0298015	0
653	0.0298009	0
654	0.0298004	0
655	0.0297998	0
656	0.0297993	0
657	0.0297987	0
658	0.0297981	0
659	0.0297976	0
660	0.029797	0
661	0.0297965	0
662	0.0297959	0
663	0.0297954	0
664	0.0297948	0
665	0.0297943	0
666	0.0297937	0
667	0.0297932	0
668	0.0297926	0
669	0.029792	0
670	0.0297915	0
671	0.0297909	0
672	0.0297904	0
673	0.0297898	0
674	0.0297892	0
675	0.0297887	0
676	0.0297881	0
677	0.0297876	0
678	0.029787	0
679	0.0297864	0
680	0.0297859	0
681	0.0297853	0
682	0.0297848	0
683	0.0297842	0
684	0.0297836	0
685	0.0297831	0
686	0.0297825	0
687	0.0297819	0
688	0.0297814	0
689	0.0297808	0
690	0.0297803	0
691	0.0297797	0
692	0.0297791	0
693	0.0297786	0
694	0.029778	0
695	0.0297774	0
696	0.0297769	0
697	0.0297763	0
698	0.0297757	0
699	0.0297752	0
700	0.0297746	0
701	0.029774	0
702	0.0297735	0
703	0.0297729	0
704	0.0297723	0
705	0.0297718	0
706	0.0297712	0
707	0.0297706	0
708	0.0297701	0
709	0.0297695	0
710	0.0297689	0
711	0.0297684	0
712	0.0297678	0
713	0.0297672	0
714	0.0297667	0
715	0.0297661	0
716	0.0297655	0
717	0.029765	0
718	0.0297644	0
719	0.0297638	0
720	0.0297633	0
721	0.0297627	0
722	0.0297621	0
723	0.0297615	0
724	0.029761	0
725	0.0297604	0
726	0.0297598	0
727	0.0297593	0
728	0.0297587	0
729	0.0297581	0
730	0.0297576	0
731	0.029757	0
732	0.0297564	0
733	0.0297559	0
734	0.0297553	0
735	0.0297547	0
736	0.0297542	0
737	0.0297536	0
738	0.029753	0
739	0.0297525	0
740	0.0297519	0
741	0.0297513	0
742	0.0297507	0
743	0.0297502	0
744	0.0297496	0
745	0.029749	0
746	0.0297485	0
747	0.0297479	0
748	0.0297473	0
749	0.0297468	0
750	0.0297462	0
751	0.0297456	0
752	0.0297451	0
753	0.0297445	0
754	0.0297439	0
755	0.0297434	0
756	0.0297428	0
757	0.0297422	0
758	0.0297417	0
759	0.0297411	0
760	0.0297405	0
761	0.02974	0
762	0.0297394	0
763	0.0297388	0
764	0.0297383	0
765	0.0297377	0
766	0.0297371	0
767	0.0297366	0
768	0.029736	0
769	0.0297354	0
770	0.0297349	0
771	0.0297343	0
772	0.0297337	0
773	0.0297332	0
774	0.0297326	0
775	0.029732	0
776	0.0297315	0
777	0.0297309	0
778	0.0297303	0
779	0.0297298	0
780	0.0297292	0
781	0.0297286	0
782	0.0297281	0
783	0.0297275	0
784	0.0297269	0
785	0.0297264	0
786	0.0297258	0
787	0.0297252	0
788	0.0297247	0
789	0.0297241	0
790	0.0297236	0
791	0.029723	0
792	0.0297224	0
793	0.0297219	0
794	0.0297213	0
795	0.0297207	0
796	0.0297202	0
797	0.0297196	0
798	0.0297191	0
799	0.0297185	0
800	0.0297179	0
801	0.0297174	0
802	0.0297168	0
803	0.0297163	0
804	0.0297157	0
805	0.0297151	0
806	0.0297146	0
807	0.029714	0
808	0.0297135	0
809	0.0297129	0
810	0.0297123	0
811	0.0297118	0
812	0.0297112	0
813	0.0297107	0
814	0.0297101	0
815	0.0297095	0
816	0.029709	0
817	0.0297084	0
818	0.0297079	0
819	0.0297073	0
820	0.0297068	0
821	0.0297062	0
822	0.0297056	0
823	0.0297051	0
824	0.0297045	0
825	0.029704	0
826	0.0297034	0
827	0.0297029	0
828	0.0297023	0
829	0.0297018	0
830	0.0297012	0
831	0.0297007	0
832	0.0297001	0
833	0.0296996	0
834	0.029699	0
835	0.0296985	0
836	0.0296979	0
837	0.0296974	0
838	0.0296968	0
839	0.0296963	0
840	0.0296957	0
841	0.0296952	0
842	0.0296946	0
843	0.0296941	0
844	0.0296935	0
845	0.029693	0
846	0.0296924	0
847	0.0296919	0
848	0.0296914	0
849	0.0296908	0
850	0.0296903	0
851	0.0296897	0
852	0.0296892	0
853	0.0296886	0
854	0.0296881	0
855	0.0296876	0
856	0.029687	0
857	0.0296865	0
858	0.0296859	0
859	0.0296854	0
860	0.0296849	0
861	0.0296843	0
862	0.0296838	0
863	0.0296832	0
864	0.0296827	0
865	0.0296822	0
866	0.0296816	0
867	0.0296811	0
868	0.0296806	0
869	0.02968	0
870	0.0296795	0
871	0.029679	0
872	0.0296785	0
873	0.0296779	0
874	0.0296774	0
875	0.0296769	0
876	0.0296763	0
877	0.0296758	0
878	0.0296753	0
879	0.0296748	0
880	0.0296742	0
881	0.0296737	0
882	0.0296732	0
883	0.0296727	0
884	0.0296721	0
885	0.0296716	0
886	0.0296711	0
887	0.0296706	0
888	0.0296701	0
889	0.0296695	0
890	0.029669	0
891	0.0296685	0
892	0.029668	0
893	0.0296675	0
894	0.029667	0
895	0.0296664	0
896	0.0296659	0
897	0.0296654	0
898	0.0296649	0
899	0.0296644	0
900	0.0296639	0
901	0.0296634	0
902	0.0296629	0
903	0.0296624	0
904	0.0296619	0
905	0.0296613	0
906	0.0296608	0
907	0.0296603	0
908	0.0296598	0
909	0.0296593	0
910	0.0296588	0
911	0.0296583	0
912	0.0296578	0
913	0.0296573	0
914	0.0296568	0
915	0.0296563	0
916	0.0296558	0
917	0.0296553	0
918	0.0296549	0
919	0.0296544	0
920	0.0296539	0
921	0.0296534	0
922	0.0296529	0
923	0.0296524	0
924	0.0296519	0
925	0.0296514	0
926	0.0296509	0
927	0.0296504	0
928	0.02965	0
929	0.0296495	0
930	0.029649	0
931	0.0296485	0
932	0.029648	0
933	0.0296475	0
934	0.0296471	0
935	0.0296466	0
936	0.0296461	0
937	0.0296456	0
938	0.0296452	0
939	0.0296447	0
940	0.0296442	0
941	0.0296437	0
942	0.0296433	0
943	0.0296428	0
944	0.0296423	0
945	0.0296419	0
946	0.0296414	0
947	0.0296409	0
948	0.0296405	0
949	0.02964	0
950	0.0296395	0
951	0.0296391	0
952	0.0296386	0
953	0.0296382	0
954	0.0296377	0
955	0.0296372	0
956	0.0296368	0
957	0.0296363	0
958	0.0296359	0
959	0.0296354	0
960	0.029635	0
961	0.0296345	0
962	0.0296341	0
963	0.0296336	0
964	0.0296332	0
965	0.0296327	0
966	0.0296323	0
967	0.0296318	0
968	0.0296314	0
969	0.0296309	0
970	0.0296305	0
971	0.02963	0
972	0.0296296	0
973	0.0296292	0
974	0.0296287	0
975	0.0296283	0
976	0.0296278	0
977	0.0296274	0
978	0.029627	0
979	0.0296265	0
980	0.0296261	0
981	0.0296257	0
982	0.0296252	0
983	0.0296248	0
984	0.0296244	0
985	0.029624	0
986	0.0296235	0
987	0.0296231	0
988	0.0296227	0
989	0.0296223	0
990	0.0296218	0
991	0.0296214	0
992	0.029621	0
993	0.0296206	0
994	0.0296202	0
995	0.0296197	0
996	0.0296193	0
997	0.0296189	0
998	0.0296185	0
999	0.0296181	0
1000	0.0296177	0
