1	0.0303668	0
2	0.0303346	0
3	0.0303151	0
4	0.0302983	0
5	0.0302832	0
6	0.0302696	0
7	0.0302572	0
8	0.0302459	0
9	0.0302357	0
10	0.0302262	0
11	0.0302176	0
12	0.0302097	0
13	0.0302024	0
14	0.0301956	0
15	0.0301894	0
16	0.0301836	0
17	0.0301782	0
18	0.0301732	0
19	0.0301685	0
20	0.0301641	0
21	0.03016	0
22	0.0301561	0
23	0.0301524	0
24	0.030149	0
25	0.0301457	0
26	0.0301426	0
27	0.0301396	0
28	0.0301368	0
29	0.0301341	0
30	0.0301316	0
31	0.0301291	0
32	0.0301267	0
33	0.0301245	0
34	0.0301222	0
35	0.0301201	0
36	0.0301181	0
37	0.0301161	0
38	0.0301141	0
39	0.0301122	0
40	0.0301104	0
41	0.0301086	0
42	0.0301069	0
43	0.0301052	0
44	0.0301035	0
45	0.0301018	0
46	0.0301002	0
47	0.0300987	0
48	0.0300971	0
49	0.0300956	0
50	0.0300941	0
51	0.0300926	0
52	0.0300911	0
53	0.0300897	0
54	0.0300882	0
55	0.0300868	0
56	0.0300854	0
57	0.0300841	0
58	0.0300827	0
59	0.0300814	0
60	0.03008	0
61	0.0300787	0
62	0.0300774	0
63	0.0300761	0
64	0.0300748	0
65	0.0300735	0
66	0.0300722	0
67	0.0300709	0
68	0.0300697	0
69	0.0300684	0
70	0.0300672	0
71	0.0300659	0
72	0.0300647	0
73	0.0300635	0
74	0.0300623	0
75	0.0300611	0
76	0.0300599	0
77	0.0300587	0
78	0.0300575	0
79	0.0300563	0
80	0.0300551	0
81	0.0300539	0
82	0.0300527	0
83	0.0300516	0
84	0.0300504	0
85	0.0300492	0
86	0.0300481	0
87	0.0300469	0
88	0.0300458	0
89	0.0300446	0
90	0.0300435	0
91	0.0300423	0
92	0.0300412	0
93	0.0300401	0
94	0.030039	0
95	0.0300378	0
96	0.0300367	0
97	0.0300356	0
98	0.0300345	0
99	0.0300334	0
100	0.0300323	0
101	0.0300312	0
102	0.0300301	0
103	0.030029	0
104	0.0300279	0
105	0.0300268	0
106	0.0300257	0
107	0.0300246	0
108	0.0300235	0
109	0.0300224	0
110	0.0300213	0
111	0.0300203	0
112	0.0300192	0
113	0.0300181	0
114	0.0300171	0
115	0.030016	0
116	0.0300149	0
117	0.0300139	0
118	0.0300128	0
119	0.0300118	0
120	0.0300107	0
121	0.0300097	0
122	0.0300086	0
123	0.0300076	0
124	0.0300065	0
125	0.0300055	0
126	0.0300045	0
127	0.0300034	0
128	0.0300024	0
129	0.0300014	0
130	0.0300004	0
131	0.0299994	0
132	0.0299983	0
133	0.0299973	0
134	0.0299963	0
135	0.0299953	0
136	0.0299943	0
137	0.0299933	0
138	0.0299923	0
139	0.0299913	0
140	0.0299903	0
141	0.0299894	0
142	0.0299884	0
143	0.0299874	0
144	0.0299864	0
145	0.0299855	0
146	0.0299845	0
147	0.0299835	0
148	0.0299826	0
149	0.0299816	0
150	0.0299807	0
151	0.0299797	0
152	0.0299788	0
153	0.0299778	0
154	0.0299769	0
155	0.029976	0
156	0.029975	0
157	0.0299741	0
158	0.0299732	0
159	0.0299723	0
160	0.0299714	0
161	0.0299705	0
162	0.0299696	0
163	0.0299687	0
164	0.0299678	0
165	0.0299669	0
166	0.029966	0
167	0.0299651	0
168	0.0299643	0
169	0.0299634	0
170	0.0299625	0
171	0.0299617	0
172	0.0299608	0
173	0.02996	0
174	0.0299591	0
175	0.0299583	0
176	0.0299575	0
177	0.0299566	0
178	0.0299558	0
179	0.029955	0
180	0.0299542	0
181	0.0299534	0
182	0.0299526	0
183	0.0299518	0
184	0.029951	0
185	0.0299502	0
186	0.0299494	0
187	0.0299487	0
188	0.0299479	0
189	0.0299471	0
190	0.0299464	0
191	0.0299456	0
192	0.0299449	0
193	0.0299442	0
194	0.0299434	0
195	0.0299427	0
196	0.029942	0
197	0.0299413	0
198	0.0299406	0
199	0.0299399	0
200	0.0299392	0
201	0.0299385	0
202	0.0299378	0
203	0.0299371	0
204	0.0299365	0
205	0.0299358	0
206	0.0299351	0
207	0.0299345	0
208	0.0299338	0
209	0.0299332	0
210	0.0299326	0
211	0.0299319	0
212	0.0299313	0
213	0.0299307	0
214	0.0299301	0
215	0.0299295	0
216	0.0299289	0
217	0.0299283	0
218	0.0299277	0
219	0.0299271	0
220	0.0299265	0
221	0.0299259	0
222	0.0299254	0
223	0.0299248	0
224	0.0299243	0
225	0.0299237	0
226	0.0299232	0
227	0.0299226	0
228	0.0299221	0
229	0.0299216	0
230	0.029921	0
231	0.0299205	0
232	0.02992	0
233	0.0299195	0
234	0.029919	0
235	0.0299185	0
236	0.029918	0
237	0.0299175	0
238	0.029917	0
239	0.0299165	0
240	0.0299161	0
241	0.0299156	0
242	0.0299151	0
243	0.0299147	0
244	0.0299142	0
245	0.0299138	0
246	0.0299133	0
247	0.0299129	0
248	0.0299125	0
249	0.029912	0
250	0.0299116	0
251	0.0299112	0
252	0.0299107	0
253	0.0299103	0
254	0.0299099	0
255	0.0299095	0
256	0.0299091	0
257	0.0299087	0
258	0.0299083	0
259	0.0299079	0
260	0.0299075	0
261	0.0299071	0
262	0.0299068	0
263	0.0299064	0
264	0.029906	0
265	0.0299056	0
266	0.0299053	0
267	0.0299049	0
268	0.0299045	0
269	0.0299042	0
270	0.0299038	0
271	0.0299035	0
272	0.0299031	0
273	0.0299028	0
274	0.0299024	0
275	0.0299021	0
276	0.0299018	0
277	0.0299014	0
278	0.0299011	0
279	0.0299008	0
280	0.0299004	0
281	0.0299001	0
282	0.0298998	0
283	0.0298995	0
284	0.0298991	0
285	0.0298988	0
286	0.0298985	0
287	0.0298982	0
288	0.0298979	0
289	0.0298976	0
290	0.0298973	0
291	0.029897	0
292	0.0298967	0
293	0.0298964	0
294	0.0298961	0
295	0.0298958	0
296	0.0298955	0
297	0.0298952	0
298	0.0298949	0
299	0.0298946	0
300	0.0298943	0
301	0.029894	0
302	0.0298937	0
303	0.0298935	0
304	0.0298932	0
305	0.0298929	0
306	0.0298926	0
307	0.0298923	0
308	0.0298921	0
309	0.0298918	0
310	0.0298915	0
311	0.0298912	0
312	0.029891	0
313	0.0298907	0
314	0.0298904	0
315	0.0298902	0
316	0.0298899	0
317	0.0298896	0
318	0.0298894	0
319	0.0298891	0
320	0.0298888	0
321	0.0298886	0
322	0.0298883	0
323	0.029888	0
324	0.0298878	0
325	0.0298875	0
326	0.0298872	0
327	0.029887	0
328	0.0298867	0
329	0.0298865	0
330	0.0298862	0
331	0.0298859	0
332	0.0298857	0
333	0.0298854	0
334	0.0298852	0
335	0.0298849	0
336	0.0298847	0
337	0.0298844	0
338	0.0298841	0
339	0.0298839	0
340	0.0298836	0
341	0.0298834	0
342	0.0298831	0
343	0.0298829	0
344	0.0298826	0
345	0.0298823	0
346	0.0298821	0
347	0.0298818	0
348	0.0298816	0
349	0.0298813	0
350	0.0298811	0
351	0.0298808	0
352	0.0298805	0
353	0.0298803	0
354	0.02988	0
355	0.0298798	0
356	0.0298795	0
357	0.0298793	0
358	0.029879	0
359	0.0298787	0
360	0.0298785	0
361	0.0298782	0
362	0.029878	0
363	0.0298777	0
364	0.0298774	0
365	0.0298772	0
366	0.0298769	0
367	0.0298766	0
368	0.0298764	0
369	0.0298761	0
370	0.0298759	0
371	0.0298756	0
372	0.0298753	0
373	0.0298751	0
374	0.0298748	0
375	0.0298745	0
376	0.0298742	0
377	0.029874	0
378	0.0298737	0
379	0.0298734	0
380	0.0298732	0
381	0.0298729	0
382	0.0298726	0
383	0.0298723	0
384	0.0298721	0
385	0.0298718	0
386	0.0298715	0
387	0.0298712	0
388	0.029871	0
389	0.0298707	0
390	0.0298704	0
391	0.0298701	0
392	0.0298698	0
393	0.0298696	0
394	0.0298693	0
395	0.029869	0
396	0.0298687	0
397	0.0298684	0
398	0.0298681	0
399	0.0298678	0
400	0.0298675	0
401	0.0298672	0
402	0.0298669	0
403	0.0298667	0
404	0.0298664	0
405	0.0298661	0
406	0.0298658	0
407	0.0298655	0
408	0.0298652	0
409	0.0298649	0
410	0.0298646	0
411	0.0298643	0
412	0.0298639	0
413	0.0298636	0
414	0.0298633	0
415	0.029863	0
416	0.0298627	0
417	0.0298624	0
418	0.0298621	0
419	0.0298618	0
420	0.0298615	0
421	0.0298611	0
422	0.0298608	0
423	0.0298605	0
424	0.0298602	0
425	0.0298599	0
426	0.0298595	0
427	0.0298592	0
428	0.0298589	0
429	0.0298585	0
430	0.0298582	0
431	0.0298579	0
432	0.0298575	0
433	0.0298572	0
434	0.0298569	0
435	0.0298565	0
436	0.0298562	0
437	0.0298559	0
438	0.0298555	0
439	0.0298552	0
440	0.0298548	0
441	0.0298545	0
442	0.0298541	0
443	0.0298538	0
444	0.0298534	0
445	0.0298531	0
446	0.0298527	0
447	0.0298524	0
448	0.029852	0
449	0.0298516	0
450	0.0298513	0
451	0.0298509	0
452	0.0298505	0
453	0.0298502	0
454	0.0298498	0
455	0.0298494	0
456	0.0298491	0
457	0.0298487	0
458	0.0298483	0
459	0.0298479	0
460	0.0298476	0
461	0.0298472	0
462	0.0298468	0
463	0.0298464	0
464	0.029846	0
465	0.0298456	0
466	0.0298453	0
467	0.0298449	0
468	0.0298445	0
469	0.0298441	0
470	0.0298437	0
471	0.0298433	0
472	0.0298429	0
473	0.0298425	0
474	0.0298421	0
475	0.0298417	0
476	0.0298413	0
477	0.0298409	0
478	0.0298405	0
479	0.02984	0
480	0.0298396	0
481	0.0298392	0
482	0.0298388	0
483	0.0298384	0
484	0.029838	0
485	0.0298375	0
486	0.0298371	0
487	0.0298367	0
488	0.0298363	0
489	0.0298358	0
490	0.0298354	0
491	0.029835	0
492	0.0298345	0
493	0.0298341	0
494	0.0298337	0
495	0.0298332	0
496	0.0298328	0
497	0.0298324	0
498	0.0298319	0
499	0.0298315	0
500	0.029831	0
501	0.0298306	0
502	0.0298301	0
503	0.0298297	0
504	0.0298292	0
505	0.0298288	0
506	0.0298283	0
507	0.0298278	0
508	0.0298274	0
509	0.0298269	0
510	0.0298265	0
511	0.029826	0
512	0.0298255	0
513	0.029825	0
514	0.0298246	0
515	0.0298241	0
516	0.0298236	0
517	0.0298232	0
518	0.0298227	0
519	0.0298222	0
520	0.0298217	0
521	0.0298212	0
522	0.0298207	0
523	0.0298203	0
524	0.0298198	0
525	0.0298193	0
526	0.0298188	0
527	0.0298183	0
528	0.0298178	0
529	0.0298173	0
530	0.0298168	0
531	0.0298163	0
532	0.0298158	0
533	0.0298153	0
534	0.0298148	0
535	0.0298143	0
536	0.0298138	0
537	0.0298133	0
538	0.0298128	0
539	0.0298122	0
540	0.0298117	0
541	0.0298112	0
542	0.0298107	0
543	0.0298102	0
544	0.0298096	0
545	0.0298091	0
546	0.0298086	0
547	0.0298081	0
548	0.0298075	0
549	0.029807	0
550	0.0298065	0
551	0.0298059	0
552	0.0298054	0
553	0.0298049	0
554	0.0298043	0
555	0.0298038	0
556	0.0298032	0
557	0.0298027	0
558	0.0298022	0
559	0.0298016	0
560	0.0298011	0
561	0.0298005	0
562	0.0298	0
563	0.0297994	0
564	0.0297988	0
565	0.0297983	0
566	0.0297977	0
567	0.0297972	0
568	0.0297966	0
569	0.029796	0
570	0.0297955	0
571	0.0297949	0
572	0.0297943	0
573	0.0297938	0
574	0.0297932	0
575	0.0297926	0
576	0.029792	0
577	0.0297915	0
578	0.0297909	0
579	0.0297903	0
580	0.0297897	0
581	0.0297891	0
582	0.0297886	0
583	0.029788	0
584	0.0297874	0
585	0.0297868	0
586	0.0297862	0
587	0.0297856	0
588	0.029785	0
589	0.0297844	0
590	0.0297838	0
591	0.0297832	0
592	0.0297826	0
593	0.029782	0
594	0.0297814	0
595	0.0297808	0
596	0.0297802	0
597	0.0297796	0
598	0.029779	0
599	0.0297783	0
600	0.0297777	0
601	0.0297771	0
602	0.0297765	0
603	0.0297759	0
604	0.0297753	0
605	0.0297746	0
606	0.029774	0
607	0.0297734	0
608	0.0297728	0
609	0.0297721	0
610	0.0297715	0
611	0.0297709	0
612	0.0297702	0
613	0.0297696	0
614	0.0297689	0
615	0.0297683	0
616	0.0297677	0
617	0.029767	0
618	0.0297664	0
619	0.0297657	0
620	0.0297651	0
621	0.0297644	0
622	0.0297638	0
623	0.0297631	0
624	0.0297625	0
625	0.0297618	0
626	0.0297612	0
627	0.0297605	0
628	0.0297599	0
629	0.0297592	0
630	0.0297585	0
631	0.0297579	0
632	0.0297572	0
633	0.0297565	0
634	0.0297559	0
635	0.0297552	0
636	0.0297545	0
637	0.0297539	0
638	0.0297532	0
639	0.0297525	0
640	0.0297518	0
641	0.0297512	0
642	0.0297505	0
643	0.0297498	0
644	0.0297491	0
645	0.0297484	0
646	0.0297477	0
647	0.0297471	0
648	0.0297464	0
649	0.0297457	0
650	0.029745	0
651	0.0297443	0
652	0.0297436	0
653	0.0297429	0
654	0.0297422	0
655	0.0297415	0
656	0.0297408	0
657	0.0297401	0
658	0.0297394	0
659	0.0297387	0
660	0.029738	0
661	0.0297373	0
662	0.0297366	0
663	0.0297359	0
664	0.0297352	0
665	0.0297345	0
666	0.0297338	0
667	0.0297331	0
668	0.0297324	0
669	0.0297317	0
670	0.0297309	0
671	0.0297302	0
672	0.0297295	0
673	0.0297288	0
674	0.0297281	0
675	0.0297274	0
676	0.0297266	0
677	0.0297259	0
678	0.0297252	0
679	0.0297245	0
680	0.0297238	0
681	0.029723	0
682	0.0297223	0
683	0.0297216	0
684	0.0297209	0
685	0.0297201	0
686	0.0297194	0
687	0.0297187	0
688	0.029718	0
689	0.0297172	0
690	0.0297165	0
691	0.0297158	0
692	0.029715	0
693	0.0297143	0
694	0.0297136	0
695	0.0297129	0
696	0.0297121	0
697	0.0297114	0
698	0.0297107	0
699	0.0297099	0
700	0.0297092	0
701	0.0297085	0
702	0.0297077	0
703	0.029707	0
704	0.0297063	0
705	0.0297055	0
706	0.0297048	0
707	0.0297041	0
708	0.0297033	0
709	0.0297026	0
710	0.0297018	0
711	0.0297011	0
712	0.0297004	0
713	0.0296996	0
714	0.0296989	0
715	0.0296982	0
716	0.0296974	0
717	0.0296967	0
718	0.029696	0
719	0.0296952	0
720	0.0296945	0
721	0.0296938	0
722	0.029693	0
723	0.0296923	0
724	0.0296916	0
725	0.0296908	0
726	0.0296901	0
727	0.0296894	0
728	0.0296886	0
729	0.0296879	0
730	0.0296872	0
731	0.0296864	0
732	0.0296857	0
733	0.029685	0
734	0.0296842	0
735	0.0296835	0
736	0.0296828	0
737	0.029682	0
738	0.0296813	0
739	0.0296806	0
740	0.0296799	0
741	0.0296791	0
742	0.0296784	0
743	0.0296777	0
744	0.029677	0
745	0.0296762	0
746	0.0296755	0
747	0.0296748	0
748	0.0296741	0
749	0.0296733	0
750	0.0296726	0
751	0.0296719	0
752	0.0296712	0
753	0.0296705	0
754	0.0296698	0
755	0.029669	0
756	0.0296683	0
757	0.0296676	0
758	0.0296669	0
759	0.0296662	0
760	0.0296655	0
761	0.0296648	0
762	0.0296641	0
763	0.0296634	0
764	0.0296626	0
765	0.0296619	0
766	0.0296612	0
767	0.0296605	0
768	0.0296598	0
769	0.0296591	0
770	0.0296584	0
771	0.0296577	0
772	0.029657	0
773	0.0296563	0
774	0.0296556	0
775	0.029655	0
776	0.0296543	0
777	0.0296536	0
778	0.0296529	0
779	0.0296522	0
780	0.0296515	0
781	0.0296508	0
782	0.0296501	0
783	0.0296495	0
784	0.0296488	0
785	0.0296481	0
786	0.0296474	0
787	0.0296467	0
788	0.0296461	0
789	0.0296454	0
790	0.0296447	0
791	0.029644	0
792	0.0296434	0
793	0.0296427	0
794	0.029642	0
795	0.0296414	0
796	0.0296407	0
797	0.02964	0
798	0.0296394	0
799	0.0296387	0
800	0.0296381	0
801	0.0296374	0
802	0.0296368	0
803	0.0296361	0
804	0.0296354	0
805	0.0296348	0
806	0.0296341	0
807	0.0296335	0
808	0.0296329	0
809	0.0296322	0
810	0.0296316	0
811	0.0296309	0
812	0.0296303	0
813	0.0296296	0
814	0.029629	0
815	0.0296284	0
816	0.0296277	0
817	0.0296271	0
818	0.0296265	0
819	0.0296259	0
820	0.0296252	0
821	0.0296246	0
822	0.029624	0
823	0.0296234	0
824	0.0296227	0
825	0.0296221	0
826	0.0296215	0
827	0.0296209	0
828	0.0296203	0
829	0.0296197	0
830	0.0296191	0
831	0.0296185	0
832	0.0296178	0
833	0.0296172	0
834	0.0296166	0
835	0.029616	0
836	0.0296154	0
837	0.0296148	0
838	0.0296142	0
839	0.0296136	0
840	0.0296131	0
841	0.0296125	0
842	0.0296119	0
843	0.0296113	0
844	0.0296107	0
845	0.0296101	0
846	0.0296095	0
847	0.0296089	0
848	0.0296084	0
849	0.0296078	0
850	0.0296072	0
851	0.0296066	0
852	0.0296061	0
853	0.0296055	0
854	0.0296049	0
855	0.0296043	0
856	0.0296038	0
857	0.0296032	0
858	0.0296027	0
859	0.0296021	0
860	0.0296015	0
861	0.029601	0
862	0.0296004	0
863	0.0295999	0
864	0.0295993	0
865	0.0295987	0
866	0.0295982	0
867	0.0295976	0
868	0.0295971	0
869	0.0295966	0
870	0.029596	0
871	0.0295955	0
872	0.0295949	0
873	0.0295944	0
874	0.0295938	0
875	0.0295933	0
876	0.0295928	0
877	0.0295922	0
878	0.0295917	0
879	0.0295912	0
880	0.0295906	0
881	0.0295901	0
882	0.0295896	0
883	0.0295891	0
884	0.0295885	0
885	0.029588	0
886	0.0295875	0
887	0.029587	0
888	0.0295865	0
889	0.0295859	0
890	0.0295854	0
891	0.0295849	0
892	0.0295844	0
893	0.0295839	0
894	0.0295834	0
895	0.0295829	0
896	0.0295824	0
897	0.0295819	0
898	0.0295814	0
899	0.0295809	0
900	0.0295804	0
901	0.0295799	0
902	0.0295794	0
903	0.0295789	0
904	0.0295784	0
905	0.0295779	0
906	0.0295774	0
907	0.0295769	0
908	0.0295764	0
909	0.0295759	0
910	0.0295754	0
911	0.0295749	0
912	0.0295745	0
913	0.029574	0
914	0.0295735	0
915	0.029573	0
916	0.0295725	0
917	0.0295721	0
918	0.0295716	0
919	0.0295711	0
920	0.0295706	0
921	0.0295702	0
922	0.0295697	0
923	0.0295692	0
924	0.0295688	0
925	0.0295683	0
926	0.0295678	0
927	0.0295674	0
928	0.0295669	0
929	0.0295664	0
930	0.029566	0
931	0.0295655	0
932	0.029565	0
933	0.0295646	0
934	0.0295641	0
935	0.0295637	0
936	0.0295632	0
937	0.0295628	0
938	0.0295623	0
939	0.0295619	0
940	0.0295614	0
941	0.029561	0
942	0.0295605	0
943	0.0295601	0
944	0.0295596	0
945	0.0295592	0
946	0.0295587	0
947	0.0295583	0
948	0.0295579	0
949	0.0295574	0
950	0.029557	0
951	0.0295566	0
952	0.0295561	0
953	0.0295557	0
954	0.0295553	0
955	0.0295548	0
956	0.0295544	0
957	0.029554	0
958	0.0295535	0
959	0.0295531	0
960	0.0295527	0
961	0.0295522	0
962	0.0295518	0
963	0.0295514	0
964	0.029551	0
965	0.0295506	0
966	0.0295501	0
967	0.0295497	0
968	0.0295493	0
969	0.0295489	0
970	0.0295485	0
971	0.029548	0
972	0.0295476	0
973	0.0295472	0
974	0.0295468	0
975	0.0295464	0
976	0.029546	0
977	0.0295456	0
978	0.0295452	0
979	0.0295448	0
980	0.0295443	0
981	0.0295439	0
982	0.0295435	0
983	0.0295431	0
984	0.0295427	0
985	0.0295423	0
986	0.0295419	0
987	0.0295415	0
988	0.0295411	0
989	0.0295407	0
990	0.0295403	0
991	0.0295399	0
992	0.0295395	0
993	0.0295391	0
994	0.0295388	0
995	0.0295384	0
996	0.029538	0
997	0.0295376	0
998	0.0295372	0
999	0.0295368	0
1000	0.0295364	0
