1	0.249877	0
2	0.249861	0
3	0.249846	0
4	0.249832	0
5	0.249818	0
6	0.249804	0
7	0.249791	0
8	0.249778	0
9	0.249766	0
10	0.249754	0
11	0.249741	0
12	0.249729	0
13	0.249717	0
14	0.249706	0
15	0.249694	0
16	0.249682	0
17	0.249671	0
18	0.249659	0
19	0.249647	0
20	0.249636	0
21	0.249624	0
22	0.249613	0
23	0.249601	0
24	0.24959	0
25	0.249578	0
26	0.249567	0
27	0.249555	0
28	0.249544	0
29	0.249533	0
30	0.249521	0
31	0.24951	0
32	0.249498	0
33	0.249487	0
34	0.249475	0
35	0.249464	0
36	0.249452	0
37	0.249441	0
38	0.249429	0
39	0.249418	0
40	0.249406	0
41	0.249395	0
42	0.249383	0
43	0.249372	0
44	0.24936	0
45	0.249349	0
46	0.249337	0
47	0.249325	0
48	0.249314	0
49	0.249302	0
50	0.249291	0
51	0.249279	0
52	0.249267	0
53	0.249256	0
54	0.249244	0
55	0.249233	0
56	0.249221	0
57	0.249209	0
58	0.249198	0
59	0.249186	0
60	0.249174	0
61	0.249162	0
62	0.249151	0
63	0.249139	0
64	0.249127	0
65	0.249115	0
66	0.249104	0
67	0.249092	0
68	0.24908	0
69	0.249068	0
70	0.249056	0
71	0.249045	0
72	0.249033	0
73	0.249021	0
74	0.249009	0
75	0.248997	0
76	0.248985	0
77	0.248973	0
78	0.248961	0
79	0.248949	0
80	0.248937	0
81	0.248925	0
82	0.248913	0
83	0.248901	0
84	0.248889	0
85	0.248877	0
86	0.248865	0
87	0.248852	0
88	0.24884	0
89	0.248828	0
90	0.248816	0
91	0.248804	0
92	0.248791	0
93	0.248779	0
94	0.248767	0
95	0.248754	0
96	0.248742	0
97	0.24873	0
98	0.248717	0
99	0.248705	0
100	0.248692	0
101	0.24868	0
102	0.248667	0
103	0.248655	0
104	0.248642	0
105	0.24863	0
106	0.248617	0
107	0.248605	0
108	0.248592	0
109	0.248579	0
110	0.248567	0
111	0.248554	0
112	0.248541	0
113	0.248528	0
114	0.248515	0
115	0.248503	0
116	0.24849	0
117	0.248477	0
118	0.248464	0
119	0.248451	0
120	0.248438	0
121	0.248425	0
122	0.248412	0
123	0.248399	0
124	0.248385	0
125	0.248372	0
126	0.248359	0
127	0.248346	0
128	0.248333	0
129	0.248319	0
130	0.248306	0
131	0.248293	0
132	0.248279	0
133	0.248266	0
134	0.248252	0
135	0.248239	0
136	0.248225	0
137	0.248212	0
138	0.248198	0
139	0.248184	0
140	0.24817	0
141	0.248157	0
142	0.248143	0
143	0.248129	0
144	0.248115	0
145	0.248101	0
146	0.248087	0
147	0.248073	0
148	0.248059	0
149	0.248045	0
150	0.248031	0
151	0.248017	0
152	0.248003	0
153	0.247989	0
154	0.247974	0
155	0.24796	0
156	0.247946	0
157	0.247931	0
158	0.247917	0
159	0.247902	0
160	0.247888	0
161	0.247873	0
162	0.247858	0
163	0.247844	0
164	0.247829	0
165	0.247814	0
166	0.247799	0
167	0.247784	0
168	0.247769	0
169	0.247754	0
170	0.247739	0
171	0.247724	0
172	0.247709	0
173	0.247694	0
174	0.247678	0
175	0.247663	0
176	0.247648	0
177	0.247632	0
178	0.247617	0
179	0.247601	0
180	0.247586	0
181	0.24757	0
182	0.247554	0
183	0.247539	0
184	0.247523	0
185	0.247507	0
186	0.247491	0
187	0.247475	0
188	0.247459	0
189	0.247443	0
190	0.247427	0
191	0.247411	0
192	0.247394	0
193	0.247378	0
194	0.247362	0
195	0.247345	0
196	0.247329	0
197	0.247312	0
198	0.247295	0
199	0.247279	0
200	0.247262	0
201	0.247245	0
202	0.247228	0
203	0.247211	0
204	0.247194	0
205	0.247177	0
206	0.24716	0
207	0.247142	0
208	0.247125	0
209	0.247108	0
210	0.24709	0
211	0.247073	0
212	0.247055	0
213	0.247037	0
214	0.24702	0
215	0.247002	0
216	0.246984	0
217	0.246966	0
218	0.246948	0
219	0.24693	0
220	0.246912	0
221	0.246893	0
222	0.246875	0
223	0.246857	0
224	0.246838	0
225	0.24682	0
226	0.246801	0
227	0.246782	0
228	0.246763	0
229	0.246744	0
230	0.246726	0
231	0.246706	0
232	0.246687	0
233	0.246668	0
234	0.246649	0
235	0.246629	0
236	0.24661	0
237	0.24659	0
238	0.246571	0
239	0.246551	0
240	0.246531	0
241	0.246511	0
242	0.246491	0
243	0.246471	0
244	0.246451	0
245	0.246431	0
246	0.24641	0
247	0.24639	0
248	0.246369	0
249	0.246349	0
250	0.246328	0
251	0.246307	0
252	0.246286	0
253	0.246265	0
254	0.246244	0
255	0.246223	0
256	0.246202	0
257	0.24618	0
258	0.246159	0
259	0.246137	0
260	0.246115	0
261	0.246094	0
262	0.246072	0
263	0.24605	0
264	0.246028	0
265	0.246005	0
266	0.245983	0
267	0.245961	0
268	0.245938	0
269	0.245915	0
270	0.245893	0
271	0.24587	0
272	0.245847	0
273	0.245824	0
274	0.245801	0
275	0.245777	0
276	0.245754	0
277	0.24573	0
278	0.245707	0
279	0.245683	0
280	0.245659	0
281	0.245635	0
282	0.245611	0
283	0.245587	0
284	0.245562	0
285	0.245538	0
286	0.245513	0
287	0.245489	0
288	0.245464	0
289	0.245439	0
290	0.245414	0
291	0.245388	0
292	0.245363	0
293	0.245338	0
294	0.245312	0
295	0.245286	0
296	0.24526	0
297	0.245234	0
298	0.245208	0
299	0.245182	0
300	0.245156	0
301	0.245129	0
302	0.245103	0
303	0.245076	0
304	0.245049	0
305	0.245022	0
306	0.244995	0
307	0.244967	0
308	0.24494	0
309	0.244912	0
310	0.244884	0
311	0.244856	0
312	0.244828	0
313	0.2448	0
314	0.244772	0
315	0.244743	0
316	0.244715	0
317	0.244686	0
318	0.244657	0
319	0.244628	0
320	0.244598	0
321	0.244569	0
322	0.244539	0
323	0.24451	0
324	0.24448	0
325	0.24445	0
326	0.24442	0
327	0.244389	0
328	0.244359	0
329	0.244328	0
330	0.244297	0
331	0.244266	0
332	0.244235	0
333	0.244204	0
334	0.244172	0
335	0.24414	0
336	0.244109	0
337	0.244076	0
338	0.244044	0
339	0.244012	0
340	0.243979	0
341	0.243947	0
342	0.243914	0
343	0.243881	0
344	0.243847	0
345	0.243814	0
346	0.24378	0
347	0.243746	0
348	0.243712	0
349	0.243678	0
350	0.243644	0
351	0.243609	0
352	0.243574	0
353	0.243539	0
354	0.243504	0
355	0.243469	0
356	0.243433	0
357	0.243398	0
358	0.243362	0
359	0.243325	0
360	0.243289	0
361	0.243253	0
362	0.243216	0
363	0.243179	0
364	0.243142	0
365	0.243104	0
366	0.243067	0
367	0.243029	0
368	0.242991	0
369	0.242953	0
370	0.242914	0
371	0.242876	0
372	0.242837	0
373	0.242798	0
374	0.242758	0
375	0.242719	0
376	0.242679	0
377	0.242639	0
378	0.242599	0
379	0.242558	0
380	0.242518	0
381	0.242477	0
382	0.242436	0
383	0.242394	0
384	0.242352	0
385	0.242311	0
386	0.242269	0
387	0.242226	0
388	0.242184	0
389	0.242141	0
390	0.242098	0
391	0.242054	0
392	0.242011	0
393	0.241967	0
394	0.241923	0
395	0.241879	0
396	0.241834	0
397	0.241789	0
398	0.241744	0
399	0.241699	0
400	0.241653	0
401	0.241607	0
402	0.241561	0
403	0.241514	0
404	0.241468	0
405	0.241421	0
406	0.241374	0
407	0.241326	0
408	0.241278	0
409	0.24123	0
410	0.241182	0
411	0.241133	0
412	0.241084	0
413	0.241035	0
414	0.240985	0
415	0.240936	0
416	0.240885	0
417	0.240835	0
418	0.240784	0
419	0.240733	0
420	0.240682	0
421	0.240631	0
422	0.240579	0
423	0.240526	0
424	0.240474	0
425	0.240421	0
426	0.240368	0
427	0.240314	0
428	0.240261	0
429	0.240207	0
430	0.240152	0
431	0.240098	0
432	0.240042	0
433	0.239987	0
434	0.239931	0
435	0.239875	0
436	0.239819	0
437	0.239762	0
438	0.239705	0
439	0.239648	0
440	0.23959	0
441	0.239532	0
442	0.239474	0
443	0.239415	0
444	0.239356	0
445	0.239296	0
446	0.239236	0
447	0.239176	0
448	0.239116	0
449	0.239055	0
450	0.238994	0
451	0.238932	0
452	0.23887	0
453	0.238808	0
454	0.238745	0
455	0.238682	0
456	0.238618	0
457	0.238554	0
458	0.23849	0
459	0.238425	0
460	0.23836	0
461	0.238295	0
462	0.238229	0
463	0.238163	0
464	0.238096	0
465	0.238029	0
466	0.237962	0
467	0.237894	0
468	0.237826	0
469	0.237757	0
470	0.237688	0
471	0.237619	0
472	0.237549	0
473	0.237478	0
474	0.237408	0
475	0.237337	0
476	0.237265	0
477	0.237193	0
478	0.237121	0
479	0.237048	0
480	0.236974	0
481	0.236901	0
482	0.236826	0
483	0.236752	0
484	0.236677	0
485	0.236601	0
486	0.236525	0
487	0.236449	0
488	0.236372	0
489	0.236294	0
490	0.236217	0
491	0.236138	0
492	0.23606	0
493	0.23598	0
494	0.235901	0
495	0.23582	0
496	0.23574	0
497	0.235659	0
498	0.235577	0
499	0.235495	0
500	0.235412	0
501	0.235329	0
502	0.235245	0
503	0.235161	0
504	0.235077	0
505	0.234991	0
506	0.234906	0
507	0.23482	0
508	0.234733	0
509	0.234646	0
510	0.234558	0
511	0.23447	0
512	0.234381	0
513	0.234292	0
514	0.234202	0
515	0.234111	0
516	0.234021	0
517	0.233929	0
518	0.233837	0
519	0.233744	0
520	0.233651	0
521	0.233558	0
522	0.233464	0
523	0.233369	0
524	0.233273	0
525	0.233178	0
526	0.233081	0
527	0.232984	0
528	0.232886	0
529	0.232788	0
530	0.232689	0
531	0.23259	0
532	0.23249	0
533	0.23239	0
534	0.232288	0
535	0.232187	0
536	0.232084	0
537	0.231981	0
538	0.231878	0
539	0.231774	0
540	0.231669	0
541	0.231564	0
542	0.231458	0
543	0.231351	0
544	0.231244	0
545	0.231136	0
546	0.231027	0
547	0.230918	0
548	0.230808	0
549	0.230698	0
550	0.230587	0
551	0.230475	0
552	0.230363	0
553	0.23025	0
554	0.230136	0
555	0.230022	0
556	0.229907	0
557	0.229791	0
558	0.229675	0
559	0.229558	0
560	0.22944	0
561	0.229322	0
562	0.229203	0
563	0.229083	0
564	0.228962	0
565	0.228841	0
566	0.228719	0
567	0.228597	0
568	0.228474	0
569	0.22835	0
570	0.228225	0
571	0.2281	0
572	0.227974	0
573	0.227847	0
574	0.227719	0
575	0.227591	0
576	0.227462	0
577	0.227332	0
578	0.227202	0
579	0.227071	0
580	0.226939	0
581	0.226806	0
582	0.226673	0
583	0.226539	0
584	0.226404	0
585	0.226268	0
586	0.226132	0
587	0.225995	0
588	0.225857	0
589	0.225718	0
590	0.225578	0
591	0.225438	0
592	0.225297	0
593	0.225155	0
594	0.225013	0
595	0.224869	0
596	0.224725	0
597	0.22458	0
598	0.224434	0
599	0.224287	0
600	0.22414	0
601	0.223992	0
602	0.223843	0
603	0.223693	0
604	0.223542	0
605	0.223391	0
606	0.223238	0
607	0.223085	0
608	0.222931	0
609	0.222776	0
610	0.222621	0
611	0.222464	0
612	0.222307	0
613	0.222149	0
614	0.22199	0
615	0.22183	0
616	0.221669	0
617	0.221507	0
618	0.221345	0
619	0.221182	0
620	0.221017	0
621	0.220852	0
622	0.220686	0
623	0.22052	0
624	0.220352	0
625	0.220183	0
626	0.220014	0
627	0.219843	0
628	0.219672	0
629	0.2195	0
630	0.219327	0
631	0.219153	0
632	0.218978	0
633	0.218802	0
634	0.218626	0
635	0.218448	0
636	0.218269	0
637	0.21809	0
638	0.21791	0
639	0.217728	0
640	0.217546	0
641	0.217363	0
642	0.217179	0
643	0.216994	0
644	0.216808	0
645	0.216621	0
646	0.216433	0
647	0.216244	0
648	0.216054	0
649	0.215863	0
650	0.215672	0
651	0.215479	0
652	0.215285	0
653	0.215091	0
654	0.214895	0
655	0.214699	0
656	0.214501	0
657	0.214303	0
658	0.214103	0
659	0.213903	0
660	0.213701	0
661	0.213499	0
662	0.213295	0
663	0.213091	0
664	0.212885	0
665	0.212679	0
666	0.212471	0
667	0.212263	0
668	0.212053	0
669	0.211843	0
670	0.211631	0
671	0.211419	0
672	0.211205	0
673	0.210991	0
674	0.210775	0
675	0.210558	0
676	0.210341	0
677	0.210122	0
678	0.209902	0
679	0.209681	0
680	0.209459	0
681	0.209236	0
682	0.209012	0
683	0.208787	0
684	0.208561	0
685	0.208334	0
686	0.208106	0
687	0.207876	0
688	0.207646	0
689	0.207415	0
690	0.207182	0
691	0.206949	0
692	0.206714	0
693	0.206478	0
694	0.206241	0
695	0.206003	0
696	0.205764	0
697	0.205524	0
698	0.205283	0
699	0.20504	0
700	0.204797	0
701	0.204552	0
702	0.204307	0
703	0.20406	0
704	0.203812	0
705	0.203563	0
706	0.203313	0
707	0.203061	0
708	0.202809	0
709	0.202555	0
710	0.202301	0
711	0.202045	0
712	0.201788	0
713	0.20153	0
714	0.20127	0
715	0.20101	0
716	0.200748	0
717	0.200486	0
718	0.200222	0
719	0.199956	0
720	0.19969	0
721	0.199423	0
722	0.199154	0
723	0.198884	0
724	0.198613	0
725	0.198341	0
726	0.198068	0
727	0.197793	0
728	0.197518	0
729	0.197241	0
730	0.196962	0
731	0.196683	0
732	0.196402	0
733	0.196121	0
734	0.195838	0
735	0.195553	0
736	0.195268	0
737	0.194981	0
738	0.194693	0
739	0.194404	0
740	0.194114	0
741	0.193822	0
742	0.193529	0
743	0.193235	0
744	0.19294	0
745	0.192643	0
746	0.192345	0
747	0.192046	0
748	0.191746	0
749	0.191444	0
750	0.191141	0
751	0.190837	0
752	0.190531	0
753	0.190225	0
754	0.189916	0
755	0.189607	0
756	0.189296	0
757	0.188984	0
758	0.188671	0
759	0.188357	0
760	0.188041	0
761	0.187723	0
762	0.187405	0
763	0.187085	0
764	0.186764	0
765	0.186441	0
766	0.186117	0
767	0.185792	0
768	0.185466	0
769	0.185138	0
770	0.184809	0
771	0.184478	0
772	0.184146	0
773	0.183813	0
774	0.183478	0
775	0.183142	0
776	0.182805	0
777	0.182466	0
778	0.182126	0
779	0.181784	0
780	0.181441	0
781	0.181097	0
782	0.180751	0
783	0.180404	0
784	0.180056	0
785	0.179706	0
786	0.179354	0
787	0.179002	0
788	0.178647	0
789	0.178292	0
790	0.177935	0
791	0.177576	0
792	0.177217	0
793	0.176855	0
794	0.176493	0
795	0.176129	0
796	0.175763	0
797	0.175396	0
798	0.175027	0
799	0.174657	0
800	0.174286	0
801	0.173913	0
802	0.173539	0
803	0.173163	0
804	0.172786	0
805	0.172407	0
806	0.172027	0
807	0.171646	0
808	0.171262	0
809	0.170878	0
810	0.170492	0
811	0.170104	0
812	0.169715	0
813	0.169325	0
814	0.168933	0
815	0.168539	0
816	0.168144	0
817	0.167748	0
818	0.16735	0
819	0.16695	0
820	0.166549	0
821	0.166147	0
822	0.165743	0
823	0.165338	0
824	0.164931	0
825	0.164522	0
826	0.164112	0
827	0.163701	0
828	0.163288	0
829	0.162873	0
830	0.162457	0
831	0.16204	0
832	0.161621	0
833	0.161201	0
834	0.160779	0
835	0.160355	0
836	0.15993	0
837	0.159504	0
838	0.159076	0
839	0.158646	0
840	0.158216	0
841	0.157783	0
842	0.157349	0
843	0.156914	0
844	0.156477	0
845	0.156039	0
846	0.155599	0
847	0.155158	0
848	0.154715	0
849	0.154271	0
850	0.153825	0
851	0.153378	0
852	0.15293	0
853	0.15248	0
854	0.152028	0
855	0.151576	0
856	0.151121	0
857	0.150666	0
858	0.150209	0
859	0.14975	0
860	0.14929	0
861	0.148829	0
862	0.148366	0
863	0.147902	0
864	0.147437	0
865	0.14697	0
866	0.146502	0
867	0.146033	0
868	0.145562	0
869	0.14509	0
870	0.144616	0
871	0.144141	0
872	0.143665	0
873	0.143188	0
874	0.14271	0
875	0.14223	0
876	0.141749	0
877	0.141266	0
878	0.140783	0
879	0.140298	0
880	0.139812	0
881	0.139325	0
882	0.138837	0
883	0.138347	0
884	0.137857	0
885	0.137365	0
886	0.136872	0
887	0.136378	0
888	0.135883	0
889	0.135387	0
890	0.13489	0
891	0.134392	0
892	0.133893	0
893	0.133393	0
894	0.132892	0
895	0.13239	0
896	0.131887	0
897	0.131383	0
898	0.130878	0
899	0.130373	0
900	0.129866	0
901	0.129359	0
902	0.128851	0
903	0.128342	0
904	0.127832	0
905	0.127322	0
906	0.12681	0
907	0.126298	0
908	0.125786	0
909	0.125273	0
910	0.124759	0
911	0.124244	0
912	0.123729	0
913	0.123214	0
914	0.122697	0
915	0.122181	0
916	0.121663	0
917	0.121146	0
918	0.120628	0
919	0.120109	0
920	0.11959	0
921	0.119071	0
922	0.118551	0
923	0.118031	0
924	0.117511	0
925	0.116991	0
926	0.11647	0
927	0.115949	0
928	0.115428	0
929	0.114907	0
930	0.114386	0
931	0.113864	0
932	0.113343	0
933	0.112822	0
934	0.1123	0
935	0.111779	0
936	0.111257	0
937	0.110736	0
938	0.110215	0
939	0.109694	0
940	0.109173	0
941	0.108653	0
942	0.108132	0
943	0.107612	0
944	0.107092	0
945	0.106573	0
946	0.106054	0
947	0.105535	0
948	0.105016	0
949	0.104499	0
950	0.103981	0
951	0.103464	0
952	0.102948	0
953	0.102432	0
954	0.101917	0
955	0.101402	0
956	0.100888	0
957	0.100375	0
958	0.0998623	0
959	0.0993504	0
960	0.0988394	0
961	0.0983291	0
962	0.0978197	0
963	0.0973111	0
964	0.0968034	0
965	0.0962966	0
966	0.0957907	0
967	0.0952859	0
968	0.094782	0
969	0.0942791	0
970	0.0937773	0
971	0.0932766	0
972	0.0927769	0
973	0.0922784	0
974	0.0917811	0
975	0.0912849	0
976	0.09079	0
977	0.0902963	0
978	0.0898038	0
979	0.0893126	0
980	0.0888228	0
981	0.0883342	0
982	0.0878471	0
983	0.0873613	0
984	0.0868769	0
985	0.086394	0
986	0.0859125	0
987	0.0854324	0
988	0.0849539	0
989	0.0844769	0
990	0.0840014	0
991	0.0835275	0
992	0.0830552	0
993	0.0825845	0
994	0.0821154	0
995	0.0816479	0
996	0.0811821	0
997	0.080718	0
998	0.0802556	0
999	0.0797949	0
1000	0.0793359	0
