1	0.250535	0
2	0.25033	0
3	0.250154	0
4	0.250004	0
5	0.249875	0
6	0.249765	0
7	0.24967	0
8	0.249588	0
9	0.249517	0
10	0.249456	0
11	0.249404	0
12	0.249358	0
13	0.249317	0
14	0.249282	0
15	0.249251	0
16	0.249223	0
17	0.249199	0
18	0.249176	0
19	0.249157	0
20	0.249138	0
21	0.249122	0
22	0.249107	0
23	0.249092	0
24	0.249079	0
25	0.249067	0
26	0.249055	0
27	0.249044	0
28	0.249033	0
29	0.249023	0
30	0.249013	0
31	0.249003	0
32	0.248993	0
33	0.248984	0
34	0.248975	0
35	0.248966	0
36	0.248957	0
37	0.248948	0
38	0.24894	0
39	0.248931	0
40	0.248922	0
41	0.248914	0
42	0.248905	0
43	0.248897	0
44	0.248888	0
45	0.24888	0
46	0.248871	0
47	0.248863	0
48	0.248854	0
49	0.248846	0
50	0.248837	0
51	0.248829	0
52	0.24882	0
53	0.248812	0
54	0.248803	0
55	0.248794	0
56	0.248786	0
57	0.248777	0
58	0.248769	0
59	0.24876	0
60	0.248751	0
61	0.248742	0
62	0.248734	0
63	0.248725	0
64	0.248716	0
65	0.248707	0
66	0.248698	0
67	0.248689	0
68	0.248681	0
69	0.248672	0
70	0.248663	0
71	0.248654	0
72	0.248645	0
73	0.248636	0
74	0.248626	0
75	0.248617	0
76	0.248608	0
77	0.248599	0
78	0.24859	0
79	0.248581	0
80	0.248571	0
81	0.248562	0
82	0.248553	0
83	0.248543	0
84	0.248534	0
85	0.248524	0
86	0.248515	0
87	0.248505	0
88	0.248496	0
89	0.248486	0
90	0.248477	0
91	0.248467	0
92	0.248457	0
93	0.248448	0
94	0.248438	0
95	0.248428	0
96	0.248418	0
97	0.248408	0
98	0.248399	0
99	0.248389	0
100	0.248379	0
101	0.248369	0
102	0.248359	0
103	0.248349	0
104	0.248338	0
105	0.248328	0
106	0.248318	0
107	0.248308	0
108	0.248298	0
109	0.248287	0
110	0.248277	0
111	0.248266	0
112	0.248256	0
113	0.248246	0
114	0.248235	0
115	0.248224	0
116	0.248214	0
117	0.248203	0
118	0.248193	0
119	0.248182	0
120	0.248171	0
121	0.24816	0
122	0.248149	0
123	0.248138	0
124	0.248128	0
125	0.248117	0
126	0.248105	0
127	0.248094	0
128	0.248083	0
129	0.248072	0
130	0.248061	0
131	0.24805	0
132	0.248038	0
133	0.248027	0
134	0.248015	0
135	0.248004	0
136	0.247993	0
137	0.247981	0
138	0.247969	0
139	0.247958	0
140	0.247946	0
141	0.247934	0
142	0.247922	0
143	0.247911	0
144	0.247899	0
145	0.247887	0
146	0.247875	0
147	0.247863	0
148	0.24785	0
149	0.247838	0
150	0.247826	0
151	0.247814	0
152	0.247801	0
153	0.247789	0
154	0.247777	0
155	0.247764	0
156	0.247752	0
157	0.247739	0
158	0.247726	0
159	0.247713	0
160	0.247701	0
161	0.247688	0
162	0.247675	0
163	0.247662	0
164	0.247649	0
165	0.247636	0
166	0.247623	0
167	0.24761	0
168	0.247596	0
169	0.247583	0
170	0.24757	0
171	0.247556	0
172	0.247543	0
173	0.247529	0
174	0.247515	0
175	0.247502	0
176	0.247488	0
177	0.247474	0
178	0.24746	0
179	0.247446	0
180	0.247432	0
181	0.247418	0
182	0.247404	0
183	0.24739	0
184	0.247375	0
185	0.247361	0
186	0.247346	0
187	0.247332	0
188	0.247317	0
189	0.247303	0
190	0.247288	0
191	0.247273	0
192	0.247258	0
193	0.247243	0
194	0.247228	0
195	0.247213	0
196	0.247198	0
197	0.247183	0
198	0.247167	0
199	0.247152	0
200	0.247137	0
201	0.247121	0
202	0.247105	0
203	0.24709	0
204	0.247074	0
205	0.247058	0
206	0.247042	0
207	0.247026	0
208	0.24701	0
209	0.246994	0
210	0.246977	0
211	0.246961	0
212	0.246945	0
213	0.246928	0
214	0.246912	0
215	0.246895	0
216	0.246878	0
217	0.246861	0
218	0.246844	0
219	0.246827	0
220	0.24681	0
221	0.246793	0
222	0.246776	0
223	0.246758	0
224	0.246741	0
225	0.246723	0
226	0.246705	0
227	0.246688	0
228	0.24667	0
229	0.246652	0
230	0.246634	0
231	0.246616	0
232	0.246597	0
233	0.246579	0
234	0.246561	0
235	0.246542	0
236	0.246523	0
237	0.246505	0
238	0.246486	0
239	0.246467	0
240	0.246448	0
241	0.246429	0
242	0.246409	0
243	0.24639	0
244	0.246371	0
245	0.246351	0
246	0.246331	0
247	0.246312	0
248	0.246292	0
249	0.246272	0
250	0.246252	0
251	0.246232	0
252	0.246211	0
253	0.246191	0
254	0.24617	0
255	0.24615	0
256	0.246129	0
257	0.246108	0
258	0.246087	0
259	0.246066	0
260	0.246045	0
261	0.246023	0
262	0.246002	0
263	0.24598	0
264	0.245959	0
265	0.245937	0
266	0.245915	0
267	0.245893	0
268	0.245871	0
269	0.245848	0
270	0.245826	0
271	0.245803	0
272	0.245781	0
273	0.245758	0
274	0.245735	0
275	0.245712	0
276	0.245689	0
277	0.245665	0
278	0.245642	0
279	0.245618	0
280	0.245594	0
281	0.245571	0
282	0.245547	0
283	0.245522	0
284	0.245498	0
285	0.245474	0
286	0.245449	0
287	0.245424	0
288	0.2454	0
289	0.245375	0
290	0.24535	0
291	0.245324	0
292	0.245299	0
293	0.245273	0
294	0.245248	0
295	0.245222	0
296	0.245196	0
297	0.24517	0
298	0.245143	0
299	0.245117	0
300	0.24509	0
301	0.245063	0
302	0.245036	0
303	0.245009	0
304	0.244982	0
305	0.244955	0
306	0.244927	0
307	0.244899	0
308	0.244872	0
309	0.244844	0
310	0.244815	0
311	0.244787	0
312	0.244758	0
313	0.24473	0
314	0.244701	0
315	0.244672	0
316	0.244643	0
317	0.244613	0
318	0.244584	0
319	0.244554	0
320	0.244524	0
321	0.244494	0
322	0.244464	0
323	0.244433	0
324	0.244402	0
325	0.244372	0
326	0.244341	0
327	0.244309	0
328	0.244278	0
329	0.244246	0
330	0.244215	0
331	0.244183	0
332	0.244151	0
333	0.244118	0
334	0.244086	0
335	0.244053	0
336	0.24402	0
337	0.243987	0
338	0.243954	0
339	0.24392	0
340	0.243887	0
341	0.243853	0
342	0.243819	0
343	0.243784	0
344	0.24375	0
345	0.243715	0
346	0.24368	0
347	0.243645	0
348	0.24361	0
349	0.243574	0
350	0.243538	0
351	0.243502	0
352	0.243466	0
353	0.24343	0
354	0.243393	0
355	0.243356	0
356	0.243319	0
357	0.243282	0
358	0.243244	0
359	0.243206	0
360	0.243168	0
361	0.24313	0
362	0.243092	0
363	0.243053	0
364	0.243014	0
365	0.242975	0
366	0.242935	0
367	0.242896	0
368	0.242856	0
369	0.242816	0
370	0.242775	0
371	0.242735	0
372	0.242694	0
373	0.242653	0
374	0.242611	0
375	0.24257	0
376	0.242528	0
377	0.242486	0
378	0.242443	0
379	0.242401	0
380	0.242358	0
381	0.242315	0
382	0.242271	0
383	0.242227	0
384	0.242183	0
385	0.242139	0
386	0.242095	0
387	0.24205	0
388	0.242005	0
389	0.24196	0
390	0.241914	0
391	0.241868	0
392	0.241822	0
393	0.241775	0
394	0.241729	0
395	0.241682	0
396	0.241634	0
397	0.241587	0
398	0.241539	0
399	0.241491	0
400	0.241442	0
401	0.241394	0
402	0.241344	0
403	0.241295	0
404	0.241245	0
405	0.241195	0
406	0.241145	0
407	0.241095	0
408	0.241044	0
409	0.240993	0
410	0.240941	0
411	0.240889	0
412	0.240837	0
413	0.240785	0
414	0.240732	0
415	0.240679	0
416	0.240625	0
417	0.240572	0
418	0.240518	0
419	0.240463	0
420	0.240408	0
421	0.240353	0
422	0.240298	0
423	0.240242	0
424	0.240186	0
425	0.24013	0
426	0.240073	0
427	0.240016	0
428	0.239958	0
429	0.239901	0
430	0.239842	0
431	0.239784	0
432	0.239725	0
433	0.239666	0
434	0.239606	0
435	0.239546	0
436	0.239486	0
437	0.239425	0
438	0.239364	0
439	0.239303	0
440	0.239241	0
441	0.239179	0
442	0.239117	0
443	0.239054	0
444	0.238991	0
445	0.238927	0
446	0.238863	0
447	0.238799	0
448	0.238734	0
449	0.238669	0
450	0.238603	0
451	0.238537	0
452	0.238471	0
453	0.238404	0
454	0.238337	0
455	0.238269	0
456	0.238202	0
457	0.238133	0
458	0.238064	0
459	0.237995	0
460	0.237926	0
461	0.237856	0
462	0.237785	0
463	0.237715	0
464	0.237643	0
465	0.237572	0
466	0.2375	0
467	0.237427	0
468	0.237354	0
469	0.237281	0
470	0.237207	0
471	0.237133	0
472	0.237059	0
473	0.236984	0
474	0.236908	0
475	0.236832	0
476	0.236756	0
477	0.236679	0
478	0.236602	0
479	0.236524	0
480	0.236446	0
481	0.236367	0
482	0.236288	0
483	0.236209	0
484	0.236129	0
485	0.236049	0
486	0.235968	0
487	0.235886	0
488	0.235805	0
489	0.235722	0
490	0.23564	0
491	0.235557	0
492	0.235473	0
493	0.235389	0
494	0.235304	0
495	0.235219	0
496	0.235134	0
497	0.235048	0
498	0.234961	0
499	0.234874	0
500	0.234787	0
501	0.234699	0
502	0.23461	0
503	0.234521	0
504	0.234432	0
505	0.234342	0
506	0.234251	0
507	0.234161	0
508	0.234069	0
509	0.233977	0
510	0.233885	0
511	0.233792	0
512	0.233699	0
513	0.233605	0
514	0.23351	0
515	0.233415	0
516	0.23332	0
517	0.233224	0
518	0.233127	0
519	0.23303	0
520	0.232933	0
521	0.232835	0
522	0.232736	0
523	0.232637	0
524	0.232538	0
525	0.232438	0
526	0.232337	0
527	0.232236	0
528	0.232134	0
529	0.232032	0
530	0.231929	0
531	0.231826	0
532	0.231722	0
533	0.231618	0
534	0.231513	0
535	0.231407	0
536	0.231301	0
537	0.231195	0
538	0.231088	0
539	0.23098	0
540	0.230872	0
541	0.230764	0
542	0.230654	0
543	0.230545	0
544	0.230434	0
545	0.230323	0
546	0.230212	0
547	0.2301	0
548	0.229988	0
549	0.229875	0
550	0.229761	0
551	0.229647	0
552	0.229532	0
553	0.229417	0
554	0.229301	0
555	0.229185	0
556	0.229068	0
557	0.22895	0
558	0.228832	0
559	0.228714	0
560	0.228595	0
561	0.228475	0
562	0.228355	0
563	0.228234	0
564	0.228112	0
565	0.227991	0
566	0.227868	0
567	0.227745	0
568	0.227621	0
569	0.227497	0
570	0.227372	0
571	0.227247	0
572	0.227121	0
573	0.226995	0
574	0.226868	0
575	0.22674	0
576	0.226612	0
577	0.226483	0
578	0.226354	0
579	0.226224	0
580	0.226094	0
581	0.225963	0
582	0.225831	0
583	0.225699	0
584	0.225567	0
585	0.225434	0
586	0.2253	0
587	0.225165	0
588	0.225031	0
589	0.224895	0
590	0.224759	0
591	0.224623	0
592	0.224485	0
593	0.224348	0
594	0.22421	0
595	0.224071	0
596	0.223931	0
597	0.223791	0
598	0.223651	0
599	0.22351	0
600	0.223368	0
601	0.223226	0
602	0.223083	0
603	0.22294	0
604	0.222796	0
605	0.222652	0
606	0.222507	0
607	0.222362	0
608	0.222216	0
609	0.222069	0
610	0.221922	0
611	0.221774	0
612	0.221626	0
613	0.221477	0
614	0.221328	0
615	0.221178	0
616	0.221028	0
617	0.220877	0
618	0.220725	0
619	0.220573	0
620	0.220421	0
621	0.220268	0
622	0.220114	0
623	0.21996	0
624	0.219805	0
625	0.21965	0
626	0.219494	0
627	0.219338	0
628	0.219181	0
629	0.219024	0
630	0.218866	0
631	0.218708	0
632	0.218549	0
633	0.218389	0
634	0.218229	0
635	0.218069	0
636	0.217908	0
637	0.217746	0
638	0.217584	0
639	0.217422	0
640	0.217259	0
641	0.217095	0
642	0.216931	0
643	0.216767	0
644	0.216602	0
645	0.216436	0
646	0.21627	0
647	0.216104	0
648	0.215937	0
649	0.215769	0
650	0.215601	0
651	0.215433	0
652	0.215264	0
653	0.215094	0
654	0.214924	0
655	0.214754	0
656	0.214583	0
657	0.214411	0
658	0.21424	0
659	0.214067	0
660	0.213894	0
661	0.213721	0
662	0.213547	0
663	0.213373	0
664	0.213198	0
665	0.213023	0
666	0.212847	0
667	0.212671	0
668	0.212495	0
669	0.212318	0
670	0.21214	0
671	0.211962	0
672	0.211784	0
673	0.211605	0
674	0.211426	0
675	0.211246	0
676	0.211066	0
677	0.210885	0
678	0.210704	0
679	0.210523	0
680	0.210341	0
681	0.210158	0
682	0.209975	0
683	0.209792	0
684	0.209608	0
685	0.209424	0
686	0.20924	0
687	0.209055	0
688	0.208869	0
689	0.208683	0
690	0.208497	0
691	0.20831	0
692	0.208123	0
693	0.207936	0
694	0.207748	0
695	0.207559	0
696	0.20737	0
697	0.207181	0
698	0.206991	0
699	0.206801	0
700	0.206611	0
701	0.20642	0
702	0.206229	0
703	0.206037	0
704	0.205845	0
705	0.205652	0
706	0.205459	0
707	0.205266	0
708	0.205072	0
709	0.204878	0
710	0.204683	0
711	0.204488	0
712	0.204293	0
713	0.204097	0
714	0.203901	0
715	0.203704	0
716	0.203507	0
717	0.20331	0
718	0.203112	0
719	0.202913	0
720	0.202715	0
721	0.202516	0
722	0.202316	0
723	0.202116	0
724	0.201916	0
725	0.201715	0
726	0.201514	0
727	0.201313	0
728	0.201111	0
729	0.200908	0
730	0.200706	0
731	0.200502	0
732	0.200299	0
733	0.200095	0
734	0.19989	0
735	0.199686	0
736	0.19948	0
737	0.199275	0
738	0.199068	0
739	0.198862	0
740	0.198655	0
741	0.198448	0
742	0.19824	0
743	0.198031	0
744	0.197823	0
745	0.197614	0
746	0.197404	0
747	0.197194	0
748	0.196984	0
749	0.196773	0
750	0.196561	0
751	0.196349	0
752	0.196137	0
753	0.195924	0
754	0.195711	0
755	0.195498	0
756	0.195283	0
757	0.195069	0
758	0.194854	0
759	0.194638	0
760	0.194422	0
761	0.194206	0
762	0.193989	0
763	0.193771	0
764	0.193553	0
765	0.193335	0
766	0.193115	0
767	0.192896	0
768	0.192676	0
769	0.192455	0
770	0.192234	0
771	0.192012	0
772	0.19179	0
773	0.191567	0
774	0.191344	0
775	0.19112	0
776	0.190896	0
777	0.19067	0
778	0.190445	0
779	0.190219	0
780	0.189992	0
781	0.189764	0
782	0.189536	0
783	0.189308	0
784	0.189078	0
785	0.188849	0
786	0.188618	0
787	0.188387	0
788	0.188155	0
789	0.187923	0
790	0.187689	0
791	0.187456	0
792	0.187221	0
793	0.186986	0
794	0.18675	0
795	0.186513	0
796	0.186276	0
797	0.186038	0
798	0.185799	0
799	0.185559	0
800	0.185319	0
801	0.185078	0
802	0.184836	0
803	0.184593	0
804	0.18435	0
805	0.184105	0
806	0.18386	0
807	0.183614	0
808	0.183367	0
809	0.183119	0
810	0.182871	0
811	0.182621	0
812	0.182371	0
813	0.18212	0
814	0.181867	0
815	0.181614	0
816	0.18136	0
817	0.181105	0
818	0.180849	0
819	0.180592	0
820	0.180334	0
821	0.180075	0
822	0.179815	0
823	0.179554	0
824	0.179292	0
825	0.179028	0
826	0.178764	0
827	0.178499	0
828	0.178232	0
829	0.177964	0
830	0.177696	0
831	0.177426	0
832	0.177155	0
833	0.176882	0
834	0.176609	0
835	0.176334	0
836	0.176058	0
837	0.175781	0
838	0.175502	0
839	0.175222	0
840	0.174941	0
841	0.174659	0
842	0.174375	0
843	0.17409	0
844	0.173803	0
845	0.173515	0
846	0.173226	0
847	0.172935	0
848	0.172643	0
849	0.172349	0
850	0.172054	0
851	0.171758	0
852	0.17146	0
853	0.17116	0
854	0.170859	0
855	0.170556	0
856	0.170251	0
857	0.169945	0
858	0.169638	0
859	0.169329	0
860	0.169018	0
861	0.168705	0
862	0.168391	0
863	0.168075	0
864	0.167757	0
865	0.167438	0
866	0.167116	0
867	0.166793	0
868	0.166468	0
869	0.166142	0
870	0.165813	0
871	0.165483	0
872	0.165151	0
873	0.164816	0
874	0.16448	0
875	0.164142	0
876	0.163802	0
877	0.16346	0
878	0.163116	0
879	0.16277	0
880	0.162422	0
881	0.162072	0
882	0.16172	0
883	0.161366	0
884	0.16101	0
885	0.160652	0
886	0.160291	0
887	0.159928	0
888	0.159564	0
889	0.159197	0
890	0.158827	0
891	0.158456	0
892	0.158082	0
893	0.157707	0
894	0.157329	0
895	0.156948	0
896	0.156566	0
897	0.156181	0
898	0.155794	0
899	0.155404	0
900	0.155012	0
901	0.154618	0
902	0.154221	0
903	0.153823	0
904	0.153421	0
905	0.153018	0
906	0.152612	0
907	0.152203	0
908	0.151792	0
909	0.151379	0
910	0.150964	0
911	0.150545	0
912	0.150125	0
913	0.149702	0
914	0.149277	0
915	0.148849	0
916	0.148418	0
917	0.147986	0
918	0.14755	0
919	0.147113	0
920	0.146673	0
921	0.14623	0
922	0.145785	0
923	0.145337	0
924	0.144888	0
925	0.144435	0
926	0.14398	0
927	0.143523	0
928	0.143063	0
929	0.142601	0
930	0.142136	0
931	0.141669	0
932	0.1412	0
933	0.140728	0
934	0.140254	0
935	0.139777	0
936	0.139298	0
937	0.138816	0
938	0.138333	0
939	0.137847	0
940	0.137358	0
941	0.136867	0
942	0.136374	0
943	0.135879	0
944	0.135382	0
945	0.134882	0
946	0.13438	0
947	0.133876	0
948	0.133369	0
949	0.132861	0
950	0.13235	0
951	0.131837	0
952	0.131322	0
953	0.130806	0
954	0.130287	0
955	0.129766	0
956	0.129243	0
957	0.128718	0
958	0.128191	0
959	0.127663	0
960	0.127132	0
961	0.1266	0
962	0.126066	0
963	0.12553	0
964	0.124993	0
965	0.124453	0
966	0.123913	0
967	0.12337	0
968	0.122826	0
969	0.122281	0
970	0.121734	0
971	0.121186	0
972	0.120636	0
973	0.120085	0
974	0.119532	0
975	0.118978	0
976	0.118424	0
977	0.117867	0
978	0.11731	0
979	0.116752	0
980	0.116193	0
981	0.115632	0
982	0.115071	0
983	0.114509	0
984	0.113946	0
985	0.113382	0
986	0.112817	0
987	0.112252	0
988	0.111686	0
989	0.11112	0
990	0.110553	0
991	0.109985	0
992	0.109417	0
993	0.108849	0
994	0.10828	0
995	0.107711	0
996	0.107142	0
997	0.106572	0
998	0.106003	0
999	0.105433	0
1000	0.104864	0
