1	0.0304095	0
2	0.0302347	0
3	0.0302152	0
4	0.0301984	0
5	0.030184	0
6	0.0301714	0
7	0.0301604	0
8	0.0301507	0
9	0.0301421	0
10	0.0301346	0
11	0.030128	0
12	0.0301222	0
13	0.030117	0
14	0.0301123	0
15	0.0301081	0
16	0.0301043	0
17	0.0301008	0
18	0.0300976	0
19	0.0300946	0
20	0.0300918	0
21	0.0300891	0
22	0.0300865	0
23	0.0300841	0
24	0.0300818	0
25	0.0300795	0
26	0.0300774	0
27	0.0300753	0
28	0.0300734	0
29	0.0300714	0
30	0.0300696	0
31	0.0300679	0
32	0.0300662	0
33	0.0300645	0
34	0.030063	0
35	0.0300615	0
36	0.03006	0
37	0.0300586	0
38	0.0300573	0
39	0.030056	0
40	0.0300548	0
41	0.0300536	0
42	0.0300524	0
43	0.0300513	0
44	0.0300502	0
45	0.0300492	0
46	0.0300481	0
47	0.0300471	0
48	0.0300461	0
49	0.0300451	0
50	0.0300441	0
51	0.0300431	0
52	0.0300421	0
53	0.0300411	0
54	0.0300401	0
55	0.0300391	0
56	0.030038	0
57	0.030037	0
58	0.0300359	0
59	0.0300348	0
60	0.0300337	0
61	0.0300325	0
62	0.0300314	0
63	0.0300302	0
64	0.030029	0
65	0.0300277	0
66	0.0300265	0
67	0.0300251	0
68	0.0300238	0
69	0.0300224	0
70	0.030021	0
71	0.0300196	0
72	0.0300182	0
73	0.0300167	0
74	0.0300151	0
75	0.0300136	0
76	0.030012	0
77	0.0300104	0
78	0.0300087	0
79	0.030007	0
80	0.0300054	0
81	0.0300036	0
82	0.0300019	0
83	0.0300002	0
84	0.0299985	0
85	0.0299968	0
86	0.0299951	0
87	0.0299934	0
88	0.0299918	0
89	0.0299901	0
90	0.0299886	0
91	0.029987	0
92	0.0299855	0
93	0.0299841	0
94	0.0299827	0
95	0.0299814	0
96	0.0299801	0
97	0.0299789	0
98	0.0299778	0
99	0.0299767	0
100	0.0299756	0
101	0.0299747	0
102	0.0299737	0
103	0.0299729	0
104	0.029972	0
105	0.0299712	0
106	0.0299704	0
107	0.0299697	0
108	0.029969	0
109	0.0299683	0
110	0.0299676	0
111	0.0299669	0
112	0.0299662	0
113	0.0299655	0
114	0.0299648	0
115	0.0299641	0
116	0.0299633	0
117	0.0299626	0
118	0.0299618	0
119	0.0299611	0
120	0.0299603	0
121	0.0299595	0
122	0.0299586	0
123	0.0299578	0
124	0.029957	0
125	0.0299561	0
126	0.0299552	0
127	0.0299543	0
128	0.0299534	0
129	0.0299524	0
130	0.0299515	0
131	0.0299505	0
132	0.0299495	0
133	0.0299485	0
134	0.0299475	0
135	0.0299465	0
136	0.0299455	0
137	0.0299444	0
138	0.0299434	0
139	0.0299423	0
140	0.0299412	0
141	0.0299401	0
142	0.0299389	0
143	0.0299378	0
144	0.0299366	0
145	0.0299354	0
146	0.0299342	0
147	0.029933	0
148	0.0299317	0
149	0.0299305	0
150	0.0299292	0
151	0.0299279	0
152	0.0299266	0
153	0.0299253	0
154	0.029924	0
155	0.0299226	0
156	0.0299213	0
157	0.02992	0
158	0.0299186	0
159	0.0299173	0
160	0.029916	0
161	0.0299146	0
162	0.0299133	0
163	0.029912	0
164	0.0299107	0
165	0.0299094	0
166	0.0299082	0
167	0.0299069	0
168	0.0299056	0
169	0.0299043	0
170	0.029903	0
171	0.0299017	0
172	0.0299004	0
173	0.0298991	0
174	0.0298978	0
175	0.0298965	0
176	0.0298951	0
177	0.0298937	0
178	0.0298923	0
179	0.0298909	0
180	0.0298894	0
181	0.0298879	0
182	0.0298864	0
183	0.0298849	0
184	0.0298833	0
185	0.0298817	0
186	0.0298801	0
187	0.0298784	0
188	0.0298767	0
189	0.029875	0
190	0.0298732	0
191	0.0298714	0
192	0.0298696	0
193	0.0298678	0
194	0.029866	0
195	0.0298641	0
196	0.0298622	0
197	0.0298603	0
198	0.0298584	0
199	0.0298565	0
200	0.0298546	0
201	0.0298527	0
202	0.0298508	0
203	0.0298488	0
204	0.0298469	0
205	0.029845	0
206	0.0298431	0
207	0.0298412	0
208	0.0298394	0
209	0.0298375	0
210	0.0298356	0
211	0.0298338	0
212	0.0298319	0
213	0.0298301	0
214	0.0298283	0
215	0.0298265	0
216	0.0298247	0
217	0.0298229	0
218	0.0298211	0
219	0.0298194	0
220	0.0298176	0
221	0.0298159	0
222	0.0298142	0
223	0.0298125	0
224	0.0298108	0
225	0.0298091	0
226	0.0298075	0
227	0.0298058	0
228	0.0298042	0
229	0.0298026	0
230	0.029801	0
231	0.0297994	0
232	0.0297979	0
233	0.0297964	0
234	0.0297949	0
235	0.0297934	0
236	0.0297919	0
237	0.0297905	0
238	0.0297891	0
239	0.0297877	0
240	0.0297864	0
241	0.0297851	0
242	0.0297838	0
243	0.0297825	0
244	0.0297812	0
245	0.02978	0
246	0.0297787	0
247	0.0297775	0
248	0.0297764	0
249	0.0297752	0
250	0.029774	0
251	0.0297729	0
252	0.0297717	0
253	0.0297706	0
254	0.0297695	0
255	0.0297684	0
256	0.0297674	0
257	0.0297663	0
258	0.0297653	0
259	0.0297642	0
260	0.0297632	0
261	0.0297622	0
262	0.0297613	0
263	0.0297603	0
264	0.0297594	0
265	0.0297584	0
266	0.0297575	0
267	0.0297566	0
268	0.0297557	0
269	0.0297549	0
270	0.029754	0
271	0.0297531	0
272	0.0297523	0
273	0.0297514	0
274	0.0297505	0
275	0.0297497	0
276	0.0297488	0
277	0.0297479	0
278	0.029747	0
279	0.0297461	0
280	0.0297452	0
281	0.0297443	0
282	0.0297434	0
283	0.0297424	0
284	0.0297415	0
285	0.0297405	0
286	0.0297396	0
287	0.0297386	0
288	0.0297376	0
289	0.0297366	0
290	0.0297357	0
291	0.0297347	0
292	0.0297337	0
293	0.0297327	0
294	0.0297318	0
295	0.0297308	0
296	0.0297299	0
297	0.0297289	0
298	0.029728	0
299	0.0297271	0
300	0.0297261	0
301	0.0297252	0
302	0.0297243	0
303	0.0297234	0
304	0.0297226	0
305	0.0297217	0
306	0.0297208	0
307	0.02972	0
308	0.0297191	0
309	0.0297183	0
310	0.0297174	0
311	0.0297166	0
312	0.0297158	0
313	0.029715	0
314	0.0297141	0
315	0.0297133	0
316	0.0297125	0
317	0.0297116	0
318	0.0297108	0
319	0.02971	0
320	0.0297091	0
321	0.0297083	0
322	0.0297074	0
323	0.0297066	0
324	0.0297057	0
325	0.0297048	0
326	0.029704	0
327	0.0297031	0
328	0.0297022	0
329	0.0297013	0
330	0.0297004	0
331	0.0296995	0
332	0.0296986	0
333	0.0296977	0
334	0.0296968	0
335	0.0296959	0
336	0.029695	0
337	0.0296941	0
338	0.0296932	0
339	0.0296923	0
340	0.0296914	0
341	0.0296905	0
342	0.0296896	0
343	0.0296887	0
344	0.0296879	0
345	0.029687	0
346	0.0296861	0
347	0.0296852	0
348	0.0296844	0
349	0.0296835	0
350	0.0296827	0
351	0.0296818	0
352	0.029681	0
353	0.0296801	0
354	0.0296793	0
355	0.0296784	0
356	0.0296776	0
357	0.0296767	0
358	0.0296759	0
359	0.029675	0
360	0.0296742	0
361	0.0296734	0
362	0.0296725	0
363	0.0296717	0
364	0.0296708	0
365	0.02967	0
366	0.0296691	0
367	0.0296683	0
368	0.0296675	0
369	0.0296666	0
370	0.0296658	0
371	0.0296649	0
372	0.0296641	0
373	0.0296632	0
374	0.0296624	0
375	0.0296616	0
376	0.0296607	0
377	0.0296599	0
378	0.029659	0
379	0.0296582	0
380	0.0296574	0
381	0.0296566	0
382	0.0296557	0
383	0.0296549	0
384	0.0296541	0
385	0.0296533	0
386	0.0296525	0
387	0.0296517	0
388	0.0296509	0
389	0.0296501	0
390	0.0296494	0
391	0.0296486	0
392	0.0296478	0
393	0.029647	0
394	0.0296463	0
395	0.0296455	0
396	0.0296448	0
397	0.029644	0
398	0.0296433	0
399	0.0296425	0
400	0.0296418	0
401	0.0296411	0
402	0.0296404	0
403	0.0296397	0
404	0.0296389	0
405	0.0296382	0
406	0.0296375	0
407	0.0296368	0
408	0.0296362	0
409	0.0296355	0
410	0.0296348	0
411	0.0296341	0
412	0.0296335	0
413	0.0296328	0
414	0.0296321	0
415	0.0296315	0
416	0.0296308	0
417	0.0296302	0
418	0.0296296	0
419	0.0296289	0
420	0.0296283	0
421	0.0296277	0
422	0.0296271	0
423	0.0296265	0
424	0.0296259	0
425	0.0296253	0
426	0.0296247	0
427	0.0296241	0
428	0.0296235	0
429	0.0296229	0
430	0.0296223	0
431	0.0296218	0
432	0.0296212	0
433	0.0296206	0
434	0.0296201	0
435	0.0296195	0
436	0.029619	0
437	0.0296184	0
438	0.0296179	0
439	0.0296174	0
440	0.0296168	0
441	0.0296163	0
442	0.0296158	0
443	0.0296152	0
444	0.0296147	0
445	0.0296142	0
446	0.0296137	0
447	0.0296132	0
448	0.0296127	0
449	0.0296121	0
450	0.0296116	0
451	0.0296111	0
452	0.0296106	0
453	0.0296101	0
454	0.0296097	0
455	0.0296092	0
456	0.0296087	0
457	0.0296082	0
458	0.0296077	0
459	0.0296072	0
460	0.0296067	0
461	0.0296063	0
462	0.0296058	0
463	0.0296053	0
464	0.0296049	0
465	0.0296044	0
466	0.0296039	0
467	0.0296035	0
468	0.029603	0
469	0.0296025	0
470	0.0296021	0
471	0.0296016	0
472	0.0296012	0
473	0.0296007	0
474	0.0296003	0
475	0.0295998	0
476	0.0295994	0
477	0.0295989	0
478	0.0295985	0
479	0.0295981	0
480	0.0295976	0
481	0.0295972	0
482	0.0295967	0
483	0.0295963	0
484	0.0295959	0
485	0.0295954	0
486	0.029595	0
487	0.0295946	0
488	0.0295942	0
489	0.0295937	0
490	0.0295933	0
491	0.0295929	0
492	0.0295925	0
493	0.0295921	0
494	0.0295916	0
495	0.0295912	0
496	0.0295908	0
497	0.0295904	0
498	0.02959	0
499	0.0295896	0
500	0.0295892	0
501	0.0295888	0
502	0.0295884	0
503	0.029588	0
504	0.0295875	0
505	0.0295871	0
506	0.0295867	0
507	0.0295863	0
508	0.0295859	0
509	0.0295856	0
510	0.0295852	0
511	0.0295848	0
512	0.0295844	0
513	0.029584	0
514	0.0295836	0
515	0.0295832	0
516	0.0295828	0
517	0.0295824	0
518	0.029582	0
519	0.0295816	0
520	0.0295813	0
521	0.0295809	0
522	0.0295805	0
523	0.0295801	0
524	0.0295797	0
525	0.0295794	0
526	0.029579	0
527	0.0295786	0
528	0.0295782	0
529	0.0295779	0
530	0.0295775	0
531	0.0295771	0
532	0.0295767	0
533	0.0295764	0
534	0.029576	0
535	0.0295756	0
536	0.0295753	0
537	0.0295749	0
538	0.0295745	0
539	0.0295742	0
540	0.0295738	0
541	0.0295735	0
542	0.0295731	0
543	0.0295727	0
544	0.0295724	0
545	0.029572	0
546	0.0295717	0
547	0.0295713	0
548	0.029571	0
549	0.0295706	0
550	0.0295702	0
551	0.0295699	0
552	0.0295695	0
553	0.0295692	0
554	0.0295688	0
555	0.0295685	0
556	0.0295681	0
557	0.0295678	0
558	0.0295675	0
559	0.0295671	0
560	0.0295668	0
561	0.0295664	0
562	0.0295661	0
563	0.0295657	0
564	0.0295654	0
565	0.0295651	0
566	0.0295647	0
567	0.0295644	0
568	0.029564	0
569	0.0295637	0
570	0.0295634	0
571	0.029563	0
572	0.0295627	0
573	0.0295624	0
574	0.029562	0
575	0.0295617	0
576	0.0295614	0
577	0.0295611	0
578	0.0295607	0
579	0.0295604	0
580	0.0295601	0
581	0.0295597	0
582	0.0295594	0
583	0.0295591	0
584	0.0295588	0
585	0.0295584	0
586	0.0295581	0
587	0.0295578	0
588	0.0295575	0
589	0.0295572	0
590	0.0295568	0
591	0.0295565	0
592	0.0295562	0
593	0.0295559	0
594	0.0295556	0
595	0.0295552	0
596	0.0295549	0
597	0.0295546	0
598	0.0295543	0
599	0.029554	0
600	0.0295537	0
601	0.0295534	0
602	0.0295531	0
603	0.0295527	0
604	0.0295524	0
605	0.0295521	0
606	0.0295518	0
607	0.0295515	0
608	0.0295512	0
609	0.0295509	0
610	0.0295506	0
611	0.0295503	0
612	0.02955	0
613	0.0295497	0
614	0.0295494	0
615	0.0295491	0
616	0.0295488	0
617	0.0295485	0
618	0.0295482	0
619	0.0295479	0
620	0.0295476	0
621	0.0295473	0
622	0.029547	0
623	0.0295467	0
624	0.0295464	0
625	0.0295461	0
626	0.0295458	0
627	0.0295455	0
628	0.0295452	0
629	0.0295449	0
630	0.0295446	0
631	0.0295444	0
632	0.0295441	0
633	0.0295438	0
634	0.0295435	0
635	0.0295432	0
636	0.0295429	0
637	0.0295426	0
638	0.0295423	0
639	0.0295421	0
640	0.0295418	0
641	0.0295415	0
642	0.0295412	0
643	0.0295409	0
644	0.0295406	0
645	0.0295404	0
646	0.0295401	0
647	0.0295398	0
648	0.0295395	0
649	0.0295392	0
650	0.029539	0
651	0.0295387	0
652	0.0295384	0
653	0.0295381	0
654	0.0295379	0
655	0.0295376	0
656	0.0295373	0
657	0.029537	0
658	0.0295368	0
659	0.0295365	0
660	0.0295362	0
661	0.029536	0
662	0.0295357	0
663	0.0295354	0
664	0.0295351	0
665	0.0295349	0
666	0.0295346	0
667	0.0295343	0
668	0.0295341	0
669	0.0295338	0
670	0.0295335	0
671	0.0295333	0
672	0.029533	0
673	0.0295327	0
674	0.0295325	0
675	0.0295322	0
676	0.0295319	0
677	0.0295316	0
678	0.0295314	0
679	0.0295311	0
680	0.0295308	0
681	0.0295305	0
682	0.0295303	0
683	0.02953	0
684	0.0295297	0
685	0.0295294	0
686	0.0295291	0
687	0.0295288	0
688	0.0295285	0
689	0.0295282	0
690	0.0295279	0
691	0.0295276	0
692	0.0295273	0
693	0.029527	0
694	0.0295267	0
695	0.0295263	0
696	0.029526	0
697	0.0295256	0
698	0.0295252	0
699	0.0295248	0
700	0.0295244	0
701	0.029524	0
702	0.0295236	0
703	0.0295231	0
704	0.0295227	0
705	0.0295222	0
706	0.0295216	0
707	0.0295211	0
708	0.0295205	0
709	0.02952	0
710	0.0295193	0
711	0.0295187	0
712	0.0295181	0
713	0.0295174	0
714	0.0295167	0
715	0.029516	0
716	0.0295152	0
717	0.0295145	0
718	0.0295138	0
719	0.029513	0
720	0.0295123	0
721	0.0295115	0
722	0.0295108	0
723	0.02951	0
724	0.0295093	0
725	0.0295086	0
726	0.0295079	0
727	0.0295073	0
728	0.0295066	0
729	0.029506	0
730	0.0295054	0
731	0.0295048	0
732	0.0295042	0
733	0.0295036	0
734	0.0295031	0
735	0.0295026	0
736	0.029502	0
737	0.0295015	0
738	0.029501	0
739	0.0295005	0
740	0.0295	0
741	0.0294995	0
742	0.029499	0
743	0.0294986	0
744	0.0294981	0
745	0.0294976	0
746	0.0294971	0
747	0.0294967	0
748	0.0294962	0
749	0.0294958	0
750	0.0294953	0
751	0.0294949	0
752	0.0294944	0
753	0.029494	0
754	0.0294936	0
755	0.0294931	0
756	0.0294927	0
757	0.0294923	0
758	0.0294918	0
759	0.0294914	0
760	0.029491	0
761	0.0294906	0
762	0.0294902	0
763	0.0294897	0
764	0.0294893	0
765	0.0294889	0
766	0.0294885	0
767	0.029488	0
768	0.0294876	0
769	0.0294872	0
770	0.0294868	0
771	0.0294863	0
772	0.0294859	0
773	0.0294855	0
774	0.0294851	0
775	0.0294847	0
776	0.0294842	0
777	0.0294838	0
778	0.0294834	0
779	0.029483	0
780	0.0294826	0
781	0.0294821	0
782	0.0294817	0
783	0.0294813	0
784	0.0294809	0
785	0.0294805	0
786	0.0294801	0
787	0.0294796	0
788	0.0294792	0
789	0.0294788	0
790	0.0294784	0
791	0.029478	0
792	0.0294776	0
793	0.0294771	0
794	0.0294767	0
795	0.0294763	0
796	0.0294759	0
797	0.0294755	0
798	0.029475	0
799	0.0294746	0
800	0.0294742	0
801	0.0294738	0
802	0.0294733	0
803	0.0294729	0
804	0.0294725	0
805	0.0294721	0
806	0.0294716	0
807	0.0294712	0
808	0.0294708	0
809	0.0294704	0
810	0.0294699	0
811	0.0294695	0
812	0.0294691	0
813	0.0294686	0
814	0.0294682	0
815	0.0294678	0
816	0.0294673	0
817	0.0294669	0
818	0.0294665	0
819	0.029466	0
820	0.0294656	0
821	0.0294652	0
822	0.0294647	0
823	0.0294643	0
824	0.0294639	0
825	0.0294634	0
826	0.029463	0
827	0.0294626	0
828	0.0294621	0
829	0.0294617	0
830	0.0294612	0
831	0.0294608	0
832	0.0294604	0
833	0.0294599	0
834	0.0294595	0
835	0.029459	0
836	0.0294586	0
837	0.0294582	0
838	0.0294577	0
839	0.0294573	0
840	0.0294568	0
841	0.0294564	0
842	0.029456	0
843	0.0294555	0
844	0.0294551	0
845	0.0294546	0
846	0.0294542	0
847	0.0294537	0
848	0.0294533	0
849	0.0294529	0
850	0.0294524	0
851	0.029452	0
852	0.0294515	0
853	0.0294511	0
854	0.0294506	0
855	0.0294502	0
856	0.0294497	0
857	0.0294493	0
858	0.0294489	0
859	0.0294484	0
860	0.029448	0
861	0.0294475	0
862	0.0294471	0
863	0.0294466	0
864	0.0294462	0
865	0.0294457	0
866	0.0294453	0
867	0.0294448	0
868	0.0294444	0
869	0.0294439	0
870	0.0294435	0
871	0.029443	0
872	0.0294426	0
873	0.0294421	0
874	0.0294417	0
875	0.0294412	0
876	0.0294408	0
877	0.0294403	0
878	0.0294399	0
879	0.0294394	0
880	0.029439	0
881	0.0294385	0
882	0.0294381	0
883	0.0294376	0
884	0.0294371	0
885	0.0294367	0
886	0.0294362	0
887	0.0294358	0
888	0.0294353	0
889	0.0294349	0
890	0.0294344	0
891	0.029434	0
892	0.0294335	0
893	0.0294331	0
894	0.0294326	0
895	0.0294321	0
896	0.0294317	0
897	0.0294312	0
898	0.0294308	0
899	0.0294303	0
900	0.0294298	0
901	0.0294294	0
902	0.0294289	0
903	0.0294285	0
904	0.029428	0
905	0.0294275	0
906	0.0294271	0
907	0.0294266	0
908	0.0294262	0
909	0.0294257	0
910	0.0294252	0
911	0.0294248	0
912	0.0294243	0
913	0.0294239	0
914	0.0294234	0
915	0.0294229	0
916	0.0294225	0
917	0.029422	0
918	0.0294215	0
919	0.0294211	0
920	0.0294206	0
921	0.0294201	0
922	0.0294197	0
923	0.0294192	0
924	0.0294187	0
925	0.0294183	0
926	0.0294178	0
927	0.0294173	0
928	0.0294169	0
929	0.0294164	0
930	0.0294159	0
931	0.0294155	0
932	0.029415	0
933	0.0294145	0
934	0.029414	0
935	0.0294136	0
936	0.0294131	0
937	0.0294126	0
938	0.0294122	0
939	0.0294117	0
940	0.0294112	0
941	0.0294107	0
942	0.0294103	0
943	0.0294098	0
944	0.0294093	0
945	0.0294089	0
946	0.0294084	0
947	0.0294079	0
948	0.0294074	0
949	0.029407	0
950	0.0294065	0
951	0.029406	0
952	0.0294055	0
953	0.0294051	0
954	0.0294046	0
955	0.0294041	0
956	0.0294036	0
957	0.0294031	0
958	0.0294027	0
959	0.0294022	0
960	0.0294017	0
961	0.0294012	0
962	0.0294008	0
963	0.0294003	0
964	0.0293998	0
965	0.0293993	0
966	0.0293988	0
967	0.0293984	0
968	0.0293979	0
969	0.0293974	0
970	0.0293969	0
971	0.0293964	0
972	0.029396	0
973	0.0293955	0
974	0.029395	0
975	0.0293945	0
976	0.029394	0
977	0.0293936	0
978	0.0293931	0
979	0.0293926	0
980	0.0293921	0
981	0.0293916	0
982	0.0293911	0
983	0.0293907	0
984	0.0293902	0
985	0.0293897	0
986	0.0293892	0
987	0.0293887	0
988	0.0293883	0
989	0.0293878	0
990	0.0293873	0
991	0.0293868	0
992	0.0293863	0
993	0.0293858	0
994	0.0293854	0
995	0.0293849	0
996	0.0293844	0
997	0.0293839	0
998	0.0293834	0
999	0.0293829	0
1000	0.0293825	0
