1	0.0302943	0
2	0.0302116	0
3	0.0301859	0
4	0.0301698	0
5	0.0301574	0
6	0.0301473	0
7	0.0301386	0
8	0.0301312	0
9	0.0301247	0
10	0.0301191	0
11	0.0301141	0
12	0.0301097	0
13	0.0301058	0
14	0.0301022	0
15	0.0300989	0
16	0.0300959	0
17	0.0300931	0
18	0.0300906	0
19	0.0300882	0
20	0.0300861	0
21	0.0300841	0
22	0.0300822	0
23	0.0300805	0
24	0.0300788	0
25	0.0300773	0
26	0.0300759	0
27	0.0300745	0
28	0.0300732	0
29	0.030072	0
30	0.0300708	0
31	0.0300696	0
32	0.0300685	0
33	0.0300674	0
34	0.0300663	0
35	0.0300652	0
36	0.0300641	0
37	0.030063	0
38	0.0300619	0
39	0.0300608	0
40	0.0300597	0
41	0.0300586	0
42	0.0300574	0
43	0.0300563	0
44	0.0300552	0
45	0.0300541	0
46	0.030053	0
47	0.0300519	0
48	0.0300508	0
49	0.0300496	0
50	0.0300485	0
51	0.0300475	0
52	0.0300464	0
53	0.0300453	0
54	0.0300442	0
55	0.0300432	0
56	0.0300421	0
57	0.0300411	0
58	0.03004	0
59	0.030039	0
60	0.030038	0
61	0.030037	0
62	0.030036	0
63	0.030035	0
64	0.030034	0
65	0.0300331	0
66	0.0300321	0
67	0.0300312	0
68	0.0300302	0
69	0.0300293	0
70	0.0300284	0
71	0.0300274	0
72	0.0300265	0
73	0.0300256	0
74	0.0300247	0
75	0.0300238	0
76	0.0300229	0
77	0.030022	0
78	0.0300211	0
79	0.0300202	0
80	0.0300193	0
81	0.0300184	0
82	0.0300175	0
83	0.0300167	0
84	0.0300158	0
85	0.0300149	0
86	0.030014	0
87	0.0300132	0
88	0.0300123	0
89	0.0300114	0
90	0.0300106	0
91	0.0300097	0
92	0.0300088	0
93	0.0300079	0
94	0.030007	0
95	0.0300061	0
96	0.0300052	0
97	0.0300043	0
98	0.0300034	0
99	0.0300025	0
100	0.0300016	0
101	0.0300006	0
102	0.0299997	0
103	0.0299987	0
104	0.0299978	0
105	0.0299968	0
106	0.0299959	0
107	0.0299949	0
108	0.0299939	0
109	0.0299929	0
110	0.029992	0
111	0.029991	0
112	0.02999	0
113	0.029989	0
114	0.029988	0
115	0.029987	0
116	0.029986	0
117	0.029985	0
118	0.0299839	0
119	0.0299829	0
120	0.0299819	0
121	0.0299808	0
122	0.0299798	0
123	0.0299787	0
124	0.0299776	0
125	0.0299765	0
126	0.0299754	0
127	0.0299742	0
128	0.0299731	0
129	0.0299719	0
130	0.0299706	0
131	0.0299694	0
132	0.0299681	0
133	0.0299668	0
134	0.0299655	0
135	0.0299642	0
136	0.0299628	0
137	0.0299614	0
138	0.02996	0
139	0.0299586	0
140	0.0299572	0
141	0.0299558	0
142	0.0299544	0
143	0.029953	0
144	0.0299516	0
145	0.0299502	0
146	0.0299488	0
147	0.0299474	0
148	0.029946	0
149	0.0299446	0
150	0.0299432	0
151	0.0299418	0
152	0.0299404	0
153	0.029939	0
154	0.0299377	0
155	0.0299363	0
156	0.0299349	0
157	0.0299336	0
158	0.0299322	0
159	0.0299309	0
160	0.0299296	0
161	0.0299282	0
162	0.0299269	0
163	0.0299256	0
164	0.0299243	0
165	0.029923	0
166	0.0299217	0
167	0.0299204	0
168	0.0299192	0
169	0.0299179	0
170	0.0299166	0
171	0.0299154	0
172	0.0299142	0
173	0.0299129	0
174	0.0299117	0
175	0.0299105	0
176	0.0299093	0
177	0.0299081	0
178	0.0299069	0
179	0.0299057	0
180	0.0299045	0
181	0.0299033	0
182	0.0299022	0
183	0.029901	0
184	0.0298999	0
185	0.0298987	0
186	0.0298976	0
187	0.0298964	0
188	0.0298953	0
189	0.0298942	0
190	0.0298931	0
191	0.029892	0
192	0.029891	0
193	0.0298899	0
194	0.0298888	0
195	0.0298878	0
196	0.0298868	0
197	0.0298858	0
198	0.0298848	0
199	0.0298838	0
200	0.0298828	0
201	0.0298818	0
202	0.0298809	0
203	0.0298799	0
204	0.029879	0
205	0.0298781	0
206	0.0298771	0
207	0.0298762	0
208	0.0298753	0
209	0.0298744	0
210	0.0298735	0
211	0.0298726	0
212	0.0298716	0
213	0.0298707	0
214	0.0298698	0
215	0.0298688	0
216	0.0298679	0
217	0.029867	0
218	0.029866	0
219	0.0298651	0
220	0.0298641	0
221	0.0298631	0
222	0.0298622	0
223	0.0298612	0
224	0.0298602	0
225	0.0298593	0
226	0.0298583	0
227	0.0298573	0
228	0.0298564	0
229	0.0298554	0
230	0.0298544	0
231	0.0298534	0
232	0.0298525	0
233	0.0298515	0
234	0.0298505	0
235	0.0298496	0
236	0.0298486	0
237	0.0298477	0
238	0.0298467	0
239	0.0298457	0
240	0.0298448	0
241	0.0298438	0
242	0.0298429	0
243	0.0298419	0
244	0.029841	0
245	0.02984	0
246	0.0298391	0
247	0.0298382	0
248	0.0298372	0
249	0.0298363	0
250	0.0298353	0
251	0.0298344	0
252	0.0298335	0
253	0.0298326	0
254	0.0298316	0
255	0.0298307	0
256	0.0298298	0
257	0.0298289	0
258	0.029828	0
259	0.0298271	0
260	0.0298262	0
261	0.0298253	0
262	0.0298243	0
263	0.0298234	0
264	0.0298226	0
265	0.0298217	0
266	0.0298208	0
267	0.0298199	0
268	0.029819	0
269	0.0298181	0
270	0.0298172	0
271	0.0298163	0
272	0.0298155	0
273	0.0298146	0
274	0.0298137	0
275	0.0298129	0
276	0.029812	0
277	0.0298111	0
278	0.0298103	0
279	0.0298094	0
280	0.0298086	0
281	0.0298077	0
282	0.0298069	0
283	0.029806	0
284	0.0298052	0
285	0.0298043	0
286	0.0298035	0
287	0.0298027	0
288	0.0298019	0
289	0.029801	0
290	0.0298002	0
291	0.0297994	0
292	0.0297986	0
293	0.0297978	0
294	0.029797	0
295	0.0297962	0
296	0.0297954	0
297	0.0297946	0
298	0.0297938	0
299	0.029793	0
300	0.0297923	0
301	0.0297915	0
302	0.0297907	0
303	0.02979	0
304	0.0297892	0
305	0.0297885	0
306	0.0297877	0
307	0.029787	0
308	0.0297863	0
309	0.0297855	0
310	0.0297848	0
311	0.0297841	0
312	0.0297834	0
313	0.0297827	0
314	0.029782	0
315	0.0297813	0
316	0.0297807	0
317	0.02978	0
318	0.0297793	0
319	0.0297787	0
320	0.029778	0
321	0.0297773	0
322	0.0297767	0
323	0.0297761	0
324	0.0297754	0
325	0.0297748	0
326	0.0297742	0
327	0.0297735	0
328	0.0297729	0
329	0.0297723	0
330	0.0297717	0
331	0.0297712	0
332	0.0297706	0
333	0.02977	0
334	0.0297694	0
335	0.0297689	0
336	0.0297684	0
337	0.0297678	0
338	0.0297673	0
339	0.0297668	0
340	0.0297663	0
341	0.0297658	0
342	0.0297653	0
343	0.0297649	0
344	0.0297644	0
345	0.029764	0
346	0.0297635	0
347	0.0297631	0
348	0.0297627	0
349	0.0297623	0
350	0.029762	0
351	0.0297616	0
352	0.0297612	0
353	0.0297609	0
354	0.0297606	0
355	0.0297602	0
356	0.0297599	0
357	0.0297596	0
358	0.0297593	0
359	0.029759	0
360	0.0297587	0
361	0.0297585	0
362	0.0297582	0
363	0.029758	0
364	0.0297577	0
365	0.0297575	0
366	0.0297572	0
367	0.029757	0
368	0.0297568	0
369	0.0297565	0
370	0.0297563	0
371	0.0297561	0
372	0.0297559	0
373	0.0297557	0
374	0.0297555	0
375	0.0297552	0
376	0.029755	0
377	0.0297548	0
378	0.0297546	0
379	0.0297544	0
380	0.0297541	0
381	0.0297539	0
382	0.0297536	0
383	0.0297533	0
384	0.0297531	0
385	0.0297528	0
386	0.0297524	0
387	0.0297521	0
388	0.0297518	0
389	0.0297514	0
390	0.029751	0
391	0.0297506	0
392	0.0297501	0
393	0.0297497	0
394	0.0297492	0
395	0.0297487	0
396	0.0297482	0
397	0.0297476	0
398	0.0297471	0
399	0.0297465	0
400	0.0297459	0
401	0.0297453	0
402	0.0297447	0
403	0.0297441	0
404	0.0297434	0
405	0.0297428	0
406	0.0297421	0
407	0.0297415	0
408	0.0297408	0
409	0.0297402	0
410	0.0297395	0
411	0.0297388	0
412	0.0297382	0
413	0.0297375	0
414	0.0297369	0
415	0.0297363	0
416	0.0297357	0
417	0.0297351	0
418	0.0297345	0
419	0.0297339	0
420	0.0297333	0
421	0.0297327	0
422	0.0297322	0
423	0.0297317	0
424	0.0297311	0
425	0.0297306	0
426	0.0297301	0
427	0.0297296	0
428	0.0297291	0
429	0.0297286	0
430	0.0297281	0
431	0.0297275	0
432	0.029727	0
433	0.0297265	0
434	0.029726	0
435	0.0297255	0
436	0.029725	0
437	0.0297244	0
438	0.0297239	0
439	0.0297234	0
440	0.0297228	0
441	0.0297223	0
442	0.0297217	0
443	0.0297211	0
444	0.0297206	0
445	0.02972	0
446	0.0297194	0
447	0.0297188	0
448	0.0297182	0
449	0.0297176	0
450	0.029717	0
451	0.0297164	0
452	0.0297158	0
453	0.0297152	0
454	0.0297146	0
455	0.0297139	0
456	0.0297133	0
457	0.0297127	0
458	0.029712	0
459	0.0297114	0
460	0.0297107	0
461	0.0297101	0
462	0.0297094	0
463	0.0297088	0
464	0.0297081	0
465	0.0297074	0
466	0.0297068	0
467	0.0297061	0
468	0.0297054	0
469	0.0297048	0
470	0.0297041	0
471	0.0297034	0
472	0.0297027	0
473	0.029702	0
474	0.0297014	0
475	0.0297007	0
476	0.0297	0
477	0.0296993	0
478	0.0296986	0
479	0.0296979	0
480	0.0296972	0
481	0.0296965	0
482	0.0296957	0
483	0.029695	0
484	0.0296943	0
485	0.0296936	0
486	0.0296929	0
487	0.0296921	0
488	0.0296914	0
489	0.0296907	0
490	0.0296899	0
491	0.0296892	0
492	0.0296884	0
493	0.0296877	0
494	0.0296869	0
495	0.0296862	0
496	0.0296854	0
497	0.0296847	0
498	0.0296839	0
499	0.0296831	0
500	0.0296824	0
501	0.0296816	0
502	0.0296808	0
503	0.02968	0
504	0.0296792	0
505	0.0296785	0
506	0.0296777	0
507	0.0296769	0
508	0.0296761	0
509	0.0296753	0
510	0.0296744	0
511	0.0296736	0
512	0.0296728	0
513	0.029672	0
514	0.0296712	0
515	0.0296703	0
516	0.0296695	0
517	0.0296687	0
518	0.0296678	0
519	0.029667	0
520	0.0296661	0
521	0.0296653	0
522	0.0296644	0
523	0.0296635	0
524	0.0296627	0
525	0.0296618	0
526	0.0296609	0
527	0.02966	0
528	0.0296592	0
529	0.0296583	0
530	0.0296574	0
531	0.0296565	0
532	0.0296556	0
533	0.0296547	0
534	0.0296538	0
535	0.0296529	0
536	0.029652	0
537	0.0296511	0
538	0.0296501	0
539	0.0296492	0
540	0.0296483	0
541	0.0296474	0
542	0.0296465	0
543	0.0296455	0
544	0.0296446	0
545	0.0296437	0
546	0.0296428	0
547	0.0296419	0
548	0.0296409	0
549	0.02964	0
550	0.0296391	0
551	0.0296382	0
552	0.0296373	0
553	0.0296364	0
554	0.0296354	0
555	0.0296345	0
556	0.0296337	0
557	0.0296328	0
558	0.0296319	0
559	0.029631	0
560	0.0296301	0
561	0.0296293	0
562	0.0296284	0
563	0.0296276	0
564	0.0296268	0
565	0.0296259	0
566	0.0296251	0
567	0.0296243	0
568	0.0296235	0
569	0.0296227	0
570	0.0296219	0
571	0.0296211	0
572	0.0296203	0
573	0.0296195	0
574	0.0296186	0
575	0.0296178	0
576	0.029617	0
577	0.0296162	0
578	0.0296153	0
579	0.0296145	0
580	0.0296136	0
581	0.0296127	0
582	0.0296118	0
583	0.0296108	0
584	0.0296099	0
585	0.0296089	0
586	0.0296079	0
587	0.0296068	0
588	0.0296058	0
589	0.0296047	0
590	0.0296036	0
591	0.0296025	0
592	0.0296014	0
593	0.0296002	0
594	0.0295991	0
595	0.0295979	0
596	0.0295967	0
597	0.0295955	0
598	0.0295944	0
599	0.0295932	0
600	0.029592	0
601	0.0295908	0
602	0.0295895	0
603	0.0295883	0
604	0.0295871	0
605	0.0295859	0
606	0.0295847	0
607	0.0295835	0
608	0.0295823	0
609	0.0295811	0
610	0.0295799	0
611	0.0295787	0
612	0.0295775	0
613	0.0295763	0
614	0.0295751	0
615	0.0295739	0
616	0.0295727	0
617	0.0295715	0
618	0.0295703	0
619	0.0295691	0
620	0.0295679	0
621	0.0295667	0
622	0.0295655	0
623	0.0295644	0
624	0.0295632	0
625	0.029562	0
626	0.0295608	0
627	0.0295596	0
628	0.0295585	0
629	0.0295573	0
630	0.0295561	0
631	0.0295549	0
632	0.0295538	0
633	0.0295526	0
634	0.0295514	0
635	0.0295503	0
636	0.0295491	0
637	0.029548	0
638	0.0295468	0
639	0.0295457	0
640	0.0295445	0
641	0.0295434	0
642	0.0295422	0
643	0.0295411	0
644	0.0295399	0
645	0.0295388	0
646	0.0295377	0
647	0.0295365	0
648	0.0295354	0
649	0.0295343	0
650	0.0295332	0
651	0.029532	0
652	0.0295309	0
653	0.0295298	0
654	0.0295287	0
655	0.0295276	0
656	0.0295265	0
657	0.0295254	0
658	0.0295243	0
659	0.0295232	0
660	0.0295221	0
661	0.029521	0
662	0.0295199	0
663	0.0295188	0
664	0.0295177	0
665	0.0295166	0
666	0.0295156	0
667	0.0295145	0
668	0.0295134	0
669	0.0295123	0
670	0.0295113	0
671	0.0295102	0
672	0.0295091	0
673	0.0295081	0
674	0.029507	0
675	0.0295059	0
676	0.0295049	0
677	0.0295038	0
678	0.0295028	0
679	0.0295017	0
680	0.0295007	0
681	0.0294996	0
682	0.0294986	0
683	0.0294975	0
684	0.0294965	0
685	0.0294955	0
686	0.0294944	0
687	0.0294934	0
688	0.0294923	0
689	0.0294913	0
690	0.0294903	0
691	0.0294893	0
692	0.0294882	0
693	0.0294872	0
694	0.0294862	0
695	0.0294852	0
696	0.0294842	0
697	0.0294831	0
698	0.0294821	0
699	0.0294811	0
700	0.0294801	0
701	0.0294791	0
702	0.0294781	0
703	0.0294771	0
704	0.0294761	0
705	0.0294751	0
706	0.0294741	0
707	0.0294731	0
708	0.0294721	0
709	0.0294711	0
710	0.0294701	0
711	0.0294692	0
712	0.0294682	0
713	0.0294672	0
714	0.0294662	0
715	0.0294652	0
716	0.0294643	0
717	0.0294633	0
718	0.0294623	0
719	0.0294614	0
720	0.0294604	0
721	0.0294594	0
722	0.0294585	0
723	0.0294575	0
724	0.0294566	0
725	0.0294556	0
726	0.0294547	0
727	0.0294537	0
728	0.0294528	0
729	0.0294518	0
730	0.0294509	0
731	0.02945	0
732	0.029449	0
733	0.0294481	0
734	0.0294472	0
735	0.0294462	0
736	0.0294453	0
737	0.0294444	0
738	0.0294435	0
739	0.0294425	0
740	0.0294416	0
741	0.0294407	0
742	0.0294398	0
743	0.0294389	0
744	0.029438	0
745	0.0294371	0
746	0.0294362	0
747	0.0294353	0
748	0.0294344	0
749	0.0294335	0
750	0.0294326	0
751	0.0294317	0
752	0.0294308	0
753	0.0294299	0
754	0.0294291	0
755	0.0294282	0
756	0.0294273	0
757	0.0294264	0
758	0.0294256	0
759	0.0294247	0
760	0.0294238	0
761	0.029423	0
762	0.0294221	0
763	0.0294212	0
764	0.0294204	0
765	0.0294195	0
766	0.0294186	0
767	0.0294178	0
768	0.0294169	0
769	0.0294161	0
770	0.0294152	0
771	0.0294144	0
772	0.0294135	0
773	0.0294127	0
774	0.0294119	0
775	0.029411	0
776	0.0294102	0
777	0.0294093	0
778	0.0294085	0
779	0.0294077	0
780	0.0294069	0
781	0.029406	0
782	0.0294052	0
783	0.0294044	0
784	0.0294035	0
785	0.0294027	0
786	0.0294019	0
787	0.0294011	0
788	0.0294003	0
789	0.0293995	0
790	0.0293986	0
791	0.0293978	0
792	0.029397	0
793	0.0293962	0
794	0.0293954	0
795	0.0293946	0
796	0.0293938	0
797	0.029393	0
798	0.0293922	0
799	0.0293914	0
800	0.0293906	0
801	0.0293898	0
802	0.029389	0
803	0.0293882	0
804	0.0293874	0
805	0.0293866	0
806	0.0293858	0
807	0.029385	0
808	0.0293842	0
809	0.0293834	0
810	0.0293826	0
811	0.0293819	0
812	0.0293811	0
813	0.0293803	0
814	0.0293795	0
815	0.0293787	0
816	0.0293779	0
817	0.0293772	0
818	0.0293764	0
819	0.0293756	0
820	0.0293748	0
821	0.0293741	0
822	0.0293733	0
823	0.0293725	0
824	0.0293717	0
825	0.029371	0
826	0.0293702	0
827	0.0293694	0
828	0.0293687	0
829	0.0293679	0
830	0.0293671	0
831	0.0293664	0
832	0.0293656	0
833	0.0293648	0
834	0.0293641	0
835	0.0293633	0
836	0.0293625	0
837	0.0293618	0
838	0.029361	0
839	0.0293603	0
840	0.0293595	0
841	0.0293587	0
842	0.029358	0
843	0.0293572	0
844	0.0293565	0
845	0.0293557	0
846	0.029355	0
847	0.0293542	0
848	0.0293535	0
849	0.0293527	0
850	0.029352	0
851	0.0293512	0
852	0.0293505	0
853	0.0293497	0
854	0.029349	0
855	0.0293482	0
856	0.0293475	0
857	0.0293467	0
858	0.029346	0
859	0.0293452	0
860	0.0293445	0
861	0.0293437	0
862	0.029343	0
863	0.0293423	0
864	0.0293415	0
865	0.0293408	0
866	0.02934	0
867	0.0293393	0
868	0.0293386	0
869	0.0293378	0
870	0.0293371	0
871	0.0293363	0
872	0.0293356	0
873	0.0293349	0
874	0.0293341	0
875	0.0293334	0
876	0.0293327	0
877	0.0293319	0
878	0.0293312	0
879	0.0293305	0
880	0.0293297	0
881	0.029329	0
882	0.0293283	0
883	0.0293275	0
884	0.0293268	0
885	0.0293261	0
886	0.0293253	0
887	0.0293246	0
888	0.0293239	0
889	0.0293231	0
890	0.0293224	0
891	0.0293217	0
892	0.0293209	0
893	0.0293202	0
894	0.0293195	0
895	0.0293187	0
896	0.029318	0
897	0.0293173	0
898	0.0293165	0
899	0.0293158	0
900	0.029315	0
901	0.0293143	0
902	0.0293136	0
903	0.0293128	0
904	0.0293121	0
905	0.0293113	0
906	0.0293106	0
907	0.0293099	0
908	0.0293091	0
909	0.0293084	0
910	0.0293076	0
911	0.0293069	0
912	0.0293062	0
913	0.0293054	0
914	0.0293047	0
915	0.029304	0
916	0.0293033	0
917	0.0293026	0
918	0.0293019	0
919	0.0293012	0
920	0.0293005	0
921	0.0292998	0
922	0.0292991	0
923	0.0292984	0
924	0.0292978	0
925	0.0292971	0
926	0.0292964	0
927	0.0292957	0
928	0.0292951	0
929	0.0292944	0
930	0.0292937	0
931	0.0292931	0
932	0.0292924	0
933	0.0292917	0
934	0.029291	0
935	0.0292904	0
936	0.0292897	0
937	0.029289	0
938	0.0292884	0
939	0.0292877	0
940	0.029287	0
941	0.0292864	0
942	0.0292857	0
943	0.029285	0
944	0.0292844	0
945	0.0292837	0
946	0.029283	0
947	0.0292824	0
948	0.0292817	0
949	0.029281	0
950	0.0292803	0
951	0.0292797	0
952	0.029279	0
953	0.0292784	0
954	0.0292777	0
955	0.029277	0
956	0.0292764	0
957	0.0292757	0
958	0.029275	0
959	0.0292744	0
960	0.0292737	0
961	0.0292731	0
962	0.0292724	0
963	0.0292717	0
964	0.0292711	0
965	0.0292704	0
966	0.0292698	0
967	0.0292691	0
968	0.0292685	0
969	0.0292678	0
970	0.0292672	0
971	0.0292665	0
972	0.0292659	0
973	0.0292652	0
974	0.0292646	0
975	0.0292639	0
976	0.0292633	0
977	0.0292626	0
978	0.029262	0
979	0.0292613	0
980	0.0292607	0
981	0.02926	0
982	0.0292594	0
983	0.0292588	0
984	0.0292581	0
985	0.0292575	0
986	0.0292569	0
987	0.0292562	0
988	0.0292556	0
989	0.029255	0
990	0.0292543	0
991	0.0292537	0
992	0.0292531	0
993	0.0292524	0
994	0.0292518	0
995	0.0292512	0
996	0.0292506	0
997	0.0292499	0
998	0.0292493	0
999	0.0292487	0
1000	0.0292481	0
