1	0.0302925	0
2	0.0302898	0
3	0.0302871	0
4	0.0302844	0
5	0.0302817	0
6	0.030279	0
7	0.0302763	0
8	0.0302736	0
9	0.0302709	0
10	0.0302682	0
11	0.0302655	0
12	0.0302628	0
13	0.03026	0
14	0.0302573	0
15	0.0302547	0
16	0.030252	0
17	0.0302493	0
18	0.0302467	0
19	0.030244	0
20	0.0302414	0
21	0.0302389	0
22	0.0302363	0
23	0.0302339	0
24	0.0302314	0
25	0.030229	0
26	0.0302266	0
27	0.0302244	0
28	0.0302221	0
29	0.0302199	0
30	0.0302178	0
31	0.0302158	0
32	0.0302138	0
33	0.0302119	0
34	0.0302101	0
35	0.0302083	0
36	0.0302066	0
37	0.030205	0
38	0.0302035	0
39	0.030202	0
40	0.0302006	0
41	0.0301993	0
42	0.030198	0
43	0.0301969	0
44	0.0301958	0
45	0.0301947	0
46	0.0301937	0
47	0.0301928	0
48	0.0301919	0
49	0.0301911	0
50	0.0301904	0
51	0.0301896	0
52	0.030189	0
53	0.0301884	0
54	0.0301878	0
55	0.0301872	0
56	0.0301867	0
57	0.0301863	0
58	0.0301858	0
59	0.0301854	0
60	0.030185	0
61	0.0301847	0
62	0.0301843	0
63	0.030184	0
64	0.0301837	0
65	0.0301834	0
66	0.0301831	0
67	0.0301829	0
68	0.0301827	0
69	0.0301824	0
70	0.0301822	0
71	0.030182	0
72	0.0301818	0
73	0.0301816	0
74	0.0301814	0
75	0.0301813	0
76	0.0301811	0
77	0.0301809	0
78	0.0301808	0
79	0.0301806	0
80	0.0301805	0
81	0.0301804	0
82	0.0301802	0
83	0.0301801	0
84	0.0301799	0
85	0.0301798	0
86	0.0301797	0
87	0.0301795	0
88	0.0301794	0
89	0.0301793	0
90	0.0301792	0
91	0.030179	0
92	0.0301789	0
93	0.0301788	0
94	0.0301787	0
95	0.0301786	0
96	0.0301784	0
97	0.0301783	0
98	0.0301782	0
99	0.0301781	0
100	0.030178	0
101	0.0301778	0
102	0.0301777	0
103	0.0301776	0
104	0.0301775	0
105	0.0301774	0
106	0.0301772	0
107	0.0301771	0
108	0.030177	0
109	0.0301769	0
110	0.0301767	0
111	0.0301766	0
112	0.0301765	0
113	0.0301764	0
114	0.0301762	0
115	0.0301761	0
116	0.030176	0
117	0.0301759	0
118	0.0301757	0
119	0.0301756	0
120	0.0301755	0
121	0.0301753	0
122	0.0301752	0
123	0.0301751	0
124	0.0301749	0
125	0.0301748	0
126	0.0301747	0
127	0.0301745	0
128	0.0301744	0
129	0.0301743	0
130	0.0301741	0
131	0.030174	0
132	0.0301738	0
133	0.0301737	0
134	0.0301736	0
135	0.0301734	0
136	0.0301733	0
137	0.0301731	0
138	0.030173	0
139	0.0301728	0
140	0.0301727	0
141	0.0301725	0
142	0.0301724	0
143	0.0301722	0
144	0.0301721	0
145	0.0301719	0
146	0.0301718	0
147	0.0301716	0
148	0.0301715	0
149	0.0301713	0
150	0.0301712	0
151	0.030171	0
152	0.0301709	0
153	0.0301707	0
154	0.0301705	0
155	0.0301704	0
156	0.0301702	0
157	0.03017	0
158	0.0301699	0
159	0.0301697	0
160	0.0301696	0
161	0.0301694	0
162	0.0301692	0
163	0.0301691	0
164	0.0301689	0
165	0.0301687	0
166	0.0301685	0
167	0.0301684	0
168	0.0301682	0
169	0.030168	0
170	0.0301678	0
171	0.0301677	0
172	0.0301675	0
173	0.0301673	0
174	0.0301671	0
175	0.030167	0
176	0.0301668	0
177	0.0301666	0
178	0.0301664	0
179	0.0301662	0
180	0.030166	0
181	0.0301659	0
182	0.0301657	0
183	0.0301655	0
184	0.0301653	0
185	0.0301651	0
186	0.0301649	0
187	0.0301647	0
188	0.0301645	0
189	0.0301643	0
190	0.0301642	0
191	0.030164	0
192	0.0301638	0
193	0.0301636	0
194	0.0301634	0
195	0.0301632	0
196	0.030163	0
197	0.0301628	0
198	0.0301626	0
199	0.0301624	0
200	0.0301622	0
201	0.030162	0
202	0.0301618	0
203	0.0301616	0
204	0.0301613	0
205	0.0301611	0
206	0.0301609	0
207	0.0301607	0
208	0.0301605	0
209	0.0301603	0
210	0.0301601	0
211	0.0301599	0
212	0.0301597	0
213	0.0301594	0
214	0.0301592	0
215	0.030159	0
216	0.0301588	0
217	0.0301586	0
218	0.0301583	0
219	0.0301581	0
220	0.0301579	0
221	0.0301577	0
222	0.0301575	0
223	0.0301572	0
224	0.030157	0
225	0.0301568	0
226	0.0301566	0
227	0.0301563	0
228	0.0301561	0
229	0.0301559	0
230	0.0301556	0
231	0.0301554	0
232	0.0301552	0
233	0.0301549	0
234	0.0301547	0
235	0.0301545	0
236	0.0301542	0
237	0.030154	0
238	0.0301537	0
239	0.0301535	0
240	0.0301533	0
241	0.030153	0
242	0.0301528	0
243	0.0301525	0
244	0.0301523	0
245	0.030152	0
246	0.0301518	0
247	0.0301515	0
248	0.0301513	0
249	0.030151	0
250	0.0301508	0
251	0.0301505	0
252	0.0301503	0
253	0.03015	0
254	0.0301498	0
255	0.0301495	0
256	0.0301492	0
257	0.030149	0
258	0.0301487	0
259	0.0301485	0
260	0.0301482	0
261	0.0301479	0
262	0.0301477	0
263	0.0301474	0
264	0.0301471	0
265	0.0301469	0
266	0.0301466	0
267	0.0301463	0
268	0.0301461	0
269	0.0301458	0
270	0.0301455	0
271	0.0301452	0
272	0.030145	0
273	0.0301447	0
274	0.0301444	0
275	0.0301441	0
276	0.0301438	0
277	0.0301436	0
278	0.0301433	0
279	0.030143	0
280	0.0301427	0
281	0.0301424	0
282	0.0301421	0
283	0.0301419	0
284	0.0301416	0
285	0.0301413	0
286	0.030141	0
287	0.0301407	0
288	0.0301404	0
289	0.0301401	0
290	0.0301398	0
291	0.0301395	0
292	0.0301392	0
293	0.0301389	0
294	0.0301386	0
295	0.0301383	0
296	0.030138	0
297	0.0301377	0
298	0.0301374	0
299	0.0301371	0
300	0.0301368	0
301	0.0301365	0
302	0.0301362	0
303	0.0301359	0
304	0.0301356	0
305	0.0301353	0
306	0.0301349	0
307	0.0301346	0
308	0.0301343	0
309	0.030134	0
310	0.0301337	0
311	0.0301334	0
312	0.0301331	0
313	0.0301327	0
314	0.0301324	0
315	0.0301321	0
316	0.0301318	0
317	0.0301314	0
318	0.0301311	0
319	0.0301308	0
320	0.0301305	0
321	0.0301301	0
322	0.0301298	0
323	0.0301295	0
324	0.0301291	0
325	0.0301288	0
326	0.0301285	0
327	0.0301282	0
328	0.0301278	0
329	0.0301275	0
330	0.0301271	0
331	0.0301268	0
332	0.0301265	0
333	0.0301261	0
334	0.0301258	0
335	0.0301254	0
336	0.0301251	0
337	0.0301248	0
338	0.0301244	0
339	0.0301241	0
340	0.0301237	0
341	0.0301234	0
342	0.030123	0
343	0.0301227	0
344	0.0301223	0
345	0.030122	0
346	0.0301216	0
347	0.0301213	0
348	0.0301209	0
349	0.0301206	0
350	0.0301202	0
351	0.0301199	0
352	0.0301195	0
353	0.0301191	0
354	0.0301188	0
355	0.0301184	0
356	0.0301181	0
357	0.0301177	0
358	0.0301173	0
359	0.030117	0
360	0.0301166	0
361	0.0301162	0
362	0.0301159	0
363	0.0301155	0
364	0.0301151	0
365	0.0301148	0
366	0.0301144	0
367	0.030114	0
368	0.0301137	0
369	0.0301133	0
370	0.0301129	0
371	0.0301126	0
372	0.0301122	0
373	0.0301118	0
374	0.0301114	0
375	0.0301111	0
376	0.0301107	0
377	0.0301103	0
378	0.03011	0
379	0.0301096	0
380	0.0301092	0
381	0.0301088	0
382	0.0301084	0
383	0.0301081	0
384	0.0301077	0
385	0.0301073	0
386	0.0301069	0
387	0.0301066	0
388	0.0301062	0
389	0.0301058	0
390	0.0301054	0
391	0.030105	0
392	0.0301046	0
393	0.0301043	0
394	0.0301039	0
395	0.0301035	0
396	0.0301031	0
397	0.0301027	0
398	0.0301024	0
399	0.030102	0
400	0.0301016	0
401	0.0301012	0
402	0.0301008	0
403	0.0301004	0
404	0.0301	0
405	0.0300997	0
406	0.0300993	0
407	0.0300989	0
408	0.0300985	0
409	0.0300981	0
410	0.0300977	0
411	0.0300973	0
412	0.030097	0
413	0.0300966	0
414	0.0300962	0
415	0.0300958	0
416	0.0300954	0
417	0.030095	0
418	0.0300946	0
419	0.0300943	0
420	0.0300939	0
421	0.0300935	0
422	0.0300931	0
423	0.0300927	0
424	0.0300923	0
425	0.0300919	0
426	0.0300916	0
427	0.0300912	0
428	0.0300908	0
429	0.0300904	0
430	0.03009	0
431	0.0300896	0
432	0.0300892	0
433	0.0300889	0
434	0.0300885	0
435	0.0300881	0
436	0.0300877	0
437	0.0300873	0
438	0.0300869	0
439	0.0300866	0
440	0.0300862	0
441	0.0300858	0
442	0.0300854	0
443	0.030085	0
444	0.0300847	0
445	0.0300843	0
446	0.0300839	0
447	0.0300835	0
448	0.0300831	0
449	0.0300828	0
450	0.0300824	0
451	0.030082	0
452	0.0300816	0
453	0.0300812	0
454	0.0300809	0
455	0.0300805	0
456	0.0300801	0
457	0.0300797	0
458	0.0300794	0
459	0.030079	0
460	0.0300786	0
461	0.0300783	0
462	0.0300779	0
463	0.0300775	0
464	0.0300771	0
465	0.0300768	0
466	0.0300764	0
467	0.030076	0
468	0.0300757	0
469	0.0300753	0
470	0.0300749	0
471	0.0300746	0
472	0.0300742	0
473	0.0300738	0
474	0.0300735	0
475	0.0300731	0
476	0.0300727	0
477	0.0300724	0
478	0.030072	0
479	0.0300717	0
480	0.0300713	0
481	0.030071	0
482	0.0300706	0
483	0.0300702	0
484	0.0300699	0
485	0.0300695	0
486	0.0300692	0
487	0.0300688	0
488	0.0300685	0
489	0.0300681	0
490	0.0300678	0
491	0.0300674	0
492	0.0300671	0
493	0.0300667	0
494	0.0300664	0
495	0.030066	0
496	0.0300657	0
497	0.0300653	0
498	0.030065	0
499	0.0300647	0
500	0.0300643	0
501	0.030064	0
502	0.0300636	0
503	0.0300633	0
504	0.030063	0
505	0.0300626	0
506	0.0300623	0
507	0.030062	0
508	0.0300616	0
509	0.0300613	0
510	0.030061	0
511	0.0300606	0
512	0.0300603	0
513	0.03006	0
514	0.0300596	0
515	0.0300593	0
516	0.030059	0
517	0.0300587	0
518	0.0300583	0
519	0.030058	0
520	0.0300577	0
521	0.0300574	0
522	0.0300571	0
523	0.0300567	0
524	0.0300564	0
525	0.0300561	0
526	0.0300558	0
527	0.0300555	0
528	0.0300552	0
529	0.0300548	0
530	0.0300545	0
531	0.0300542	0
532	0.0300539	0
533	0.0300536	0
534	0.0300533	0
535	0.030053	0
536	0.0300527	0
537	0.0300524	0
538	0.0300521	0
539	0.0300518	0
540	0.0300515	0
541	0.0300512	0
542	0.0300509	0
543	0.0300506	0
544	0.0300503	0
545	0.03005	0
546	0.0300497	0
547	0.0300494	0
548	0.0300491	0
549	0.0300488	0
550	0.0300485	0
551	0.0300482	0
552	0.0300479	0
553	0.0300477	0
554	0.0300474	0
555	0.0300471	0
556	0.0300468	0
557	0.0300465	0
558	0.0300462	0
559	0.030046	0
560	0.0300457	0
561	0.0300454	0
562	0.0300451	0
563	0.0300448	0
564	0.0300446	0
565	0.0300443	0
566	0.030044	0
567	0.0300437	0
568	0.0300435	0
569	0.0300432	0
570	0.0300429	0
571	0.0300427	0
572	0.0300424	0
573	0.0300421	0
574	0.0300418	0
575	0.0300416	0
576	0.0300413	0
577	0.0300411	0
578	0.0300408	0
579	0.0300405	0
580	0.0300403	0
581	0.03004	0
582	0.0300397	0
583	0.0300395	0
584	0.0300392	0
585	0.030039	0
586	0.0300387	0
587	0.0300385	0
588	0.0300382	0
589	0.030038	0
590	0.0300377	0
591	0.0300374	0
592	0.0300372	0
593	0.0300369	0
594	0.0300367	0
595	0.0300365	0
596	0.0300362	0
597	0.030036	0
598	0.0300357	0
599	0.0300355	0
600	0.0300352	0
601	0.030035	0
602	0.0300347	0
603	0.0300345	0
604	0.0300343	0
605	0.030034	0
606	0.0300338	0
607	0.0300335	0
608	0.0300333	0
609	0.0300331	0
610	0.0300328	0
611	0.0300326	0
612	0.0300324	0
613	0.0300321	0
614	0.0300319	0
615	0.0300317	0
616	0.0300314	0
617	0.0300312	0
618	0.030031	0
619	0.0300308	0
620	0.0300305	0
621	0.0300303	0
622	0.0300301	0
623	0.0300298	0
624	0.0300296	0
625	0.0300294	0
626	0.0300292	0
627	0.030029	0
628	0.0300287	0
629	0.0300285	0
630	0.0300283	0
631	0.0300281	0
632	0.0300279	0
633	0.0300276	0
634	0.0300274	0
635	0.0300272	0
636	0.030027	0
637	0.0300268	0
638	0.0300266	0
639	0.0300263	0
640	0.0300261	0
641	0.0300259	0
642	0.0300257	0
643	0.0300255	0
644	0.0300253	0
645	0.0300251	0
646	0.0300249	0
647	0.0300247	0
648	0.0300244	0
649	0.0300242	0
650	0.030024	0
651	0.0300238	0
652	0.0300236	0
653	0.0300234	0
654	0.0300232	0
655	0.030023	0
656	0.0300228	0
657	0.0300226	0
658	0.0300224	0
659	0.0300222	0
660	0.030022	0
661	0.0300218	0
662	0.0300216	0
663	0.0300214	0
664	0.0300212	0
665	0.030021	0
666	0.0300208	0
667	0.0300206	0
668	0.0300204	0
669	0.0300202	0
670	0.03002	0
671	0.0300198	0
672	0.0300196	0
673	0.0300194	0
674	0.0300193	0
675	0.0300191	0
676	0.0300189	0
677	0.0300187	0
678	0.0300185	0
679	0.0300183	0
680	0.0300181	0
681	0.0300179	0
682	0.0300177	0
683	0.0300175	0
684	0.0300174	0
685	0.0300172	0
686	0.030017	0
687	0.0300168	0
688	0.0300166	0
689	0.0300164	0
690	0.0300162	0
691	0.0300161	0
692	0.0300159	0
693	0.0300157	0
694	0.0300155	0
695	0.0300153	0
696	0.0300151	0
697	0.030015	0
698	0.0300148	0
699	0.0300146	0
700	0.0300144	0
701	0.0300142	0
702	0.0300141	0
703	0.0300139	0
704	0.0300137	0
705	0.0300135	0
706	0.0300133	0
707	0.0300132	0
708	0.030013	0
709	0.0300128	0
710	0.0300126	0
711	0.0300125	0
712	0.0300123	0
713	0.0300121	0
714	0.0300119	0
715	0.0300118	0
716	0.0300116	0
717	0.0300114	0
718	0.0300112	0
719	0.0300111	0
720	0.0300109	0
721	0.0300107	0
722	0.0300105	0
723	0.0300104	0
724	0.0300102	0
725	0.03001	0
726	0.0300098	0
727	0.0300097	0
728	0.0300095	0
729	0.0300093	0
730	0.0300092	0
731	0.030009	0
732	0.0300088	0
733	0.0300087	0
734	0.0300085	0
735	0.0300083	0
736	0.0300082	0
737	0.030008	0
738	0.0300078	0
739	0.0300076	0
740	0.0300075	0
741	0.0300073	0
742	0.0300071	0
743	0.030007	0
744	0.0300068	0
745	0.0300066	0
746	0.0300065	0
747	0.0300063	0
748	0.0300061	0
749	0.030006	0
750	0.0300058	0
751	0.0300057	0
752	0.0300055	0
753	0.0300053	0
754	0.0300052	0
755	0.030005	0
756	0.0300048	0
757	0.0300047	0
758	0.0300045	0
759	0.0300043	0
760	0.0300042	0
761	0.030004	0
762	0.0300038	0
763	0.0300037	0
764	0.0300035	0
765	0.0300034	0
766	0.0300032	0
767	0.030003	0
768	0.0300029	0
769	0.0300027	0
770	0.0300025	0
771	0.0300024	0
772	0.0300022	0
773	0.0300021	0
774	0.0300019	0
775	0.0300017	0
776	0.0300016	0
777	0.0300014	0
778	0.0300012	0
779	0.0300011	0
780	0.0300009	0
781	0.0300008	0
782	0.0300006	0
783	0.0300004	0
784	0.0300003	0
785	0.0300001	0
786	0.03	0
787	0.0299998	0
788	0.0299996	0
789	0.0299995	0
790	0.0299993	0
791	0.0299991	0
792	0.029999	0
793	0.0299988	0
794	0.0299987	0
795	0.0299985	0
796	0.0299983	0
797	0.0299982	0
798	0.029998	0
799	0.0299979	0
800	0.0299977	0
801	0.0299975	0
802	0.0299974	0
803	0.0299972	0
804	0.029997	0
805	0.0299969	0
806	0.0299967	0
807	0.0299966	0
808	0.0299964	0
809	0.0299962	0
810	0.0299961	0
811	0.0299959	0
812	0.0299957	0
813	0.0299956	0
814	0.0299954	0
815	0.0299953	0
816	0.0299951	0
817	0.0299949	0
818	0.0299948	0
819	0.0299946	0
820	0.0299944	0
821	0.0299943	0
822	0.0299941	0
823	0.029994	0
824	0.0299938	0
825	0.0299936	0
826	0.0299935	0
827	0.0299933	0
828	0.0299931	0
829	0.029993	0
830	0.0299928	0
831	0.0299926	0
832	0.0299925	0
833	0.0299923	0
834	0.0299921	0
835	0.029992	0
836	0.0299918	0
837	0.0299916	0
838	0.0299915	0
839	0.0299913	0
840	0.0299911	0
841	0.029991	0
842	0.0299908	0
843	0.0299906	0
844	0.0299905	0
845	0.0299903	0
846	0.0299901	0
847	0.0299899	0
848	0.0299898	0
849	0.0299896	0
850	0.0299894	0
851	0.0299893	0
852	0.0299891	0
853	0.0299889	0
854	0.0299887	0
855	0.0299886	0
856	0.0299884	0
857	0.0299882	0
858	0.0299881	0
859	0.0299879	0
860	0.0299877	0
861	0.0299875	0
862	0.0299874	0
863	0.0299872	0
864	0.029987	0
865	0.0299868	0
866	0.0299866	0
867	0.0299865	0
868	0.0299863	0
869	0.0299861	0
870	0.0299859	0
871	0.0299858	0
872	0.0299856	0
873	0.0299854	0
874	0.0299852	0
875	0.029985	0
876	0.0299849	0
877	0.0299847	0
878	0.0299845	0
879	0.0299843	0
880	0.0299841	0
881	0.0299839	0
882	0.0299837	0
883	0.0299836	0
884	0.0299834	0
885	0.0299832	0
886	0.029983	0
887	0.0299828	0
888	0.0299826	0
889	0.0299824	0
890	0.0299823	0
891	0.0299821	0
892	0.0299819	0
893	0.0299817	0
894	0.0299815	0
895	0.0299813	0
896	0.0299811	0
897	0.0299809	0
898	0.0299807	0
899	0.0299805	0
900	0.0299803	0
901	0.0299801	0
902	0.0299799	0
903	0.0299797	0
904	0.0299795	0
905	0.0299793	0
906	0.0299791	0
907	0.0299789	0
908	0.0299787	0
909	0.0299785	0
910	0.0299783	0
911	0.0299781	0
912	0.0299779	0
913	0.0299777	0
914	0.0299775	0
915	0.0299773	0
916	0.0299771	0
917	0.0299769	0
918	0.0299767	0
919	0.0299765	0
920	0.0299763	0
921	0.0299761	0
922	0.0299758	0
923	0.0299756	0
924	0.0299754	0
925	0.0299752	0
926	0.029975	0
927	0.0299748	0
928	0.0299746	0
929	0.0299743	0
930	0.0299741	0
931	0.0299739	0
932	0.0299737	0
933	0.0299735	0
934	0.0299732	0
935	0.029973	0
936	0.0299728	0
937	0.0299726	0
938	0.0299723	0
939	0.0299721	0
940	0.0299719	0
941	0.0299717	0
942	0.0299714	0
943	0.0299712	0
944	0.029971	0
945	0.0299707	0
946	0.0299705	0
947	0.0299703	0
948	0.02997	0
949	0.0299698	0
950	0.0299696	0
951	0.0299693	0
952	0.0299691	0
953	0.0299688	0
954	0.0299686	0
955	0.0299684	0
956	0.0299681	0
957	0.0299679	0
958	0.0299676	0
959	0.0299674	0
960	0.0299671	0
961	0.0299669	0
962	0.0299666	0
963	0.0299664	0
964	0.0299661	0
965	0.0299659	0
966	0.0299656	0
967	0.0299654	0
968	0.0299651	0
969	0.0299648	0
970	0.0299646	0
971	0.0299643	0
972	0.0299641	0
973	0.0299638	0
974	0.0299635	0
975	0.0299633	0
976	0.029963	0
977	0.0299627	0
978	0.0299625	0
979	0.0299622	0
980	0.0299619	0
981	0.0299617	0
982	0.0299614	0
983	0.0299611	0
984	0.0299608	0
985	0.0299606	0
986	0.0299603	0
987	0.02996	0
988	0.0299597	0
989	0.0299594	0
990	0.0299592	0
991	0.0299589	0
992	0.0299586	0
993	0.0299583	0
994	0.029958	0
995	0.0299577	0
996	0.0299574	0
997	0.0299571	0
998	0.0299568	0
999	0.0299565	0
1000	0.0299563	0
