1	0.03031	0
2	0.0303067	0
3	0.0303035	0
4	0.0303002	0
5	0.030297	0
6	0.0302938	0
7	0.0302906	0
8	0.0302874	0
9	0.0302842	0
10	0.030281	0
11	0.0302779	0
12	0.0302747	0
13	0.0302716	0
14	0.0302686	0
15	0.0302655	0
16	0.0302625	0
17	0.0302596	0
18	0.0302566	0
19	0.0302538	0
20	0.0302509	0
21	0.0302482	0
22	0.0302455	0
23	0.0302428	0
24	0.0302402	0
25	0.0302377	0
26	0.0302353	0
27	0.030233	0
28	0.0302307	0
29	0.0302285	0
30	0.0302264	0
31	0.0302244	0
32	0.0302225	0
33	0.0302206	0
34	0.0302189	0
35	0.0302172	0
36	0.0302156	0
37	0.0302141	0
38	0.0302127	0
39	0.0302113	0
40	0.0302101	0
41	0.0302088	0
42	0.0302077	0
43	0.0302066	0
44	0.0302056	0
45	0.0302047	0
46	0.0302038	0
47	0.030203	0
48	0.0302022	0
49	0.0302015	0
50	0.0302008	0
51	0.0302002	0
52	0.0301995	0
53	0.030199	0
54	0.0301984	0
55	0.0301979	0
56	0.0301975	0
57	0.030197	0
58	0.0301966	0
59	0.0301962	0
60	0.0301958	0
61	0.0301955	0
62	0.0301951	0
63	0.0301948	0
64	0.0301945	0
65	0.0301942	0
66	0.030194	0
67	0.0301937	0
68	0.0301934	0
69	0.0301932	0
70	0.030193	0
71	0.0301927	0
72	0.0301925	0
73	0.0301923	0
74	0.0301921	0
75	0.0301919	0
76	0.0301917	0
77	0.0301916	0
78	0.0301914	0
79	0.0301912	0
80	0.030191	0
81	0.0301909	0
82	0.0301907	0
83	0.0301906	0
84	0.0301904	0
85	0.0301903	0
86	0.0301901	0
87	0.03019	0
88	0.0301899	0
89	0.0301897	0
90	0.0301896	0
91	0.0301895	0
92	0.0301893	0
93	0.0301892	0
94	0.0301891	0
95	0.030189	0
96	0.0301889	0
97	0.0301887	0
98	0.0301886	0
99	0.0301885	0
100	0.0301884	0
101	0.0301883	0
102	0.0301882	0
103	0.0301881	0
104	0.030188	0
105	0.0301879	0
106	0.0301878	0
107	0.0301877	0
108	0.0301876	0
109	0.0301875	0
110	0.0301874	0
111	0.0301873	0
112	0.0301872	0
113	0.0301871	0
114	0.030187	0
115	0.0301869	0
116	0.0301869	0
117	0.0301868	0
118	0.0301867	0
119	0.0301866	0
120	0.0301865	0
121	0.0301864	0
122	0.0301863	0
123	0.0301862	0
124	0.0301862	0
125	0.0301861	0
126	0.030186	0
127	0.0301859	0
128	0.0301858	0
129	0.0301858	0
130	0.0301857	0
131	0.0301856	0
132	0.0301855	0
133	0.0301854	0
134	0.0301854	0
135	0.0301853	0
136	0.0301852	0
137	0.0301851	0
138	0.030185	0
139	0.030185	0
140	0.0301849	0
141	0.0301848	0
142	0.0301847	0
143	0.0301847	0
144	0.0301846	0
145	0.0301845	0
146	0.0301844	0
147	0.0301844	0
148	0.0301843	0
149	0.0301842	0
150	0.0301841	0
151	0.0301841	0
152	0.030184	0
153	0.0301839	0
154	0.0301838	0
155	0.0301838	0
156	0.0301837	0
157	0.0301836	0
158	0.0301835	0
159	0.0301835	0
160	0.0301834	0
161	0.0301833	0
162	0.0301833	0
163	0.0301832	0
164	0.0301831	0
165	0.030183	0
166	0.030183	0
167	0.0301829	0
168	0.0301828	0
169	0.0301827	0
170	0.0301827	0
171	0.0301826	0
172	0.0301825	0
173	0.0301824	0
174	0.0301824	0
175	0.0301823	0
176	0.0301822	0
177	0.0301821	0
178	0.0301821	0
179	0.030182	0
180	0.0301819	0
181	0.0301818	0
182	0.0301818	0
183	0.0301817	0
184	0.0301816	0
185	0.0301815	0
186	0.0301815	0
187	0.0301814	0
188	0.0301813	0
189	0.0301812	0
190	0.0301812	0
191	0.0301811	0
192	0.030181	0
193	0.0301809	0
194	0.0301809	0
195	0.0301808	0
196	0.0301807	0
197	0.0301806	0
198	0.0301805	0
199	0.0301805	0
200	0.0301804	0
201	0.0301803	0
202	0.0301802	0
203	0.0301801	0
204	0.0301801	0
205	0.03018	0
206	0.0301799	0
207	0.0301798	0
208	0.0301797	0
209	0.0301797	0
210	0.0301796	0
211	0.0301795	0
212	0.0301794	0
213	0.0301793	0
214	0.0301793	0
215	0.0301792	0
216	0.0301791	0
217	0.030179	0
218	0.0301789	0
219	0.0301788	0
220	0.0301788	0
221	0.0301787	0
222	0.0301786	0
223	0.0301785	0
224	0.0301784	0
225	0.0301783	0
226	0.0301782	0
227	0.0301782	0
228	0.0301781	0
229	0.030178	0
230	0.0301779	0
231	0.0301778	0
232	0.0301777	0
233	0.0301776	0
234	0.0301775	0
235	0.0301774	0
236	0.0301774	0
237	0.0301773	0
238	0.0301772	0
239	0.0301771	0
240	0.030177	0
241	0.0301769	0
242	0.0301768	0
243	0.0301767	0
244	0.0301766	0
245	0.0301765	0
246	0.0301764	0
247	0.0301763	0
248	0.0301762	0
249	0.0301761	0
250	0.030176	0
251	0.0301759	0
252	0.0301759	0
253	0.0301758	0
254	0.0301757	0
255	0.0301756	0
256	0.0301755	0
257	0.0301754	0
258	0.0301753	0
259	0.0301752	0
260	0.0301751	0
261	0.030175	0
262	0.0301749	0
263	0.0301748	0
264	0.0301747	0
265	0.0301746	0
266	0.0301744	0
267	0.0301743	0
268	0.0301742	0
269	0.0301741	0
270	0.030174	0
271	0.0301739	0
272	0.0301738	0
273	0.0301737	0
274	0.0301736	0
275	0.0301735	0
276	0.0301734	0
277	0.0301733	0
278	0.0301732	0
279	0.0301731	0
280	0.030173	0
281	0.0301728	0
282	0.0301727	0
283	0.0301726	0
284	0.0301725	0
285	0.0301724	0
286	0.0301723	0
287	0.0301722	0
288	0.0301721	0
289	0.0301719	0
290	0.0301718	0
291	0.0301717	0
292	0.0301716	0
293	0.0301715	0
294	0.0301714	0
295	0.0301712	0
296	0.0301711	0
297	0.030171	0
298	0.0301709	0
299	0.0301708	0
300	0.0301706	0
301	0.0301705	0
302	0.0301704	0
303	0.0301703	0
304	0.0301701	0
305	0.03017	0
306	0.0301699	0
307	0.0301698	0
308	0.0301697	0
309	0.0301695	0
310	0.0301694	0
311	0.0301693	0
312	0.0301691	0
313	0.030169	0
314	0.0301689	0
315	0.0301688	0
316	0.0301686	0
317	0.0301685	0
318	0.0301684	0
319	0.0301682	0
320	0.0301681	0
321	0.030168	0
322	0.0301678	0
323	0.0301677	0
324	0.0301676	0
325	0.0301674	0
326	0.0301673	0
327	0.0301672	0
328	0.030167	0
329	0.0301669	0
330	0.0301667	0
331	0.0301666	0
332	0.0301665	0
333	0.0301663	0
334	0.0301662	0
335	0.030166	0
336	0.0301659	0
337	0.0301657	0
338	0.0301656	0
339	0.0301655	0
340	0.0301653	0
341	0.0301652	0
342	0.030165	0
343	0.0301649	0
344	0.0301647	0
345	0.0301646	0
346	0.0301644	0
347	0.0301643	0
348	0.0301641	0
349	0.030164	0
350	0.0301638	0
351	0.0301637	0
352	0.0301635	0
353	0.0301634	0
354	0.0301632	0
355	0.0301631	0
356	0.0301629	0
357	0.0301627	0
358	0.0301626	0
359	0.0301624	0
360	0.0301623	0
361	0.0301621	0
362	0.0301619	0
363	0.0301618	0
364	0.0301616	0
365	0.0301615	0
366	0.0301613	0
367	0.0301611	0
368	0.030161	0
369	0.0301608	0
370	0.0301606	0
371	0.0301605	0
372	0.0301603	0
373	0.0301601	0
374	0.03016	0
375	0.0301598	0
376	0.0301596	0
377	0.0301594	0
378	0.0301593	0
379	0.0301591	0
380	0.0301589	0
381	0.0301588	0
382	0.0301586	0
383	0.0301584	0
384	0.0301582	0
385	0.030158	0
386	0.0301579	0
387	0.0301577	0
388	0.0301575	0
389	0.0301573	0
390	0.0301571	0
391	0.030157	0
392	0.0301568	0
393	0.0301566	0
394	0.0301564	0
395	0.0301562	0
396	0.030156	0
397	0.0301558	0
398	0.0301557	0
399	0.0301555	0
400	0.0301553	0
401	0.0301551	0
402	0.0301549	0
403	0.0301547	0
404	0.0301545	0
405	0.0301543	0
406	0.0301541	0
407	0.0301539	0
408	0.0301537	0
409	0.0301535	0
410	0.0301533	0
411	0.0301531	0
412	0.0301529	0
413	0.0301527	0
414	0.0301525	0
415	0.0301523	0
416	0.0301521	0
417	0.0301519	0
418	0.0301517	0
419	0.0301515	0
420	0.0301513	0
421	0.0301511	0
422	0.0301509	0
423	0.0301507	0
424	0.0301505	0
425	0.0301503	0
426	0.03015	0
427	0.0301498	0
428	0.0301496	0
429	0.0301494	0
430	0.0301492	0
431	0.030149	0
432	0.0301487	0
433	0.0301485	0
434	0.0301483	0
435	0.0301481	0
436	0.0301479	0
437	0.0301476	0
438	0.0301474	0
439	0.0301472	0
440	0.030147	0
441	0.0301467	0
442	0.0301465	0
443	0.0301463	0
444	0.0301461	0
445	0.0301458	0
446	0.0301456	0
447	0.0301454	0
448	0.0301451	0
449	0.0301449	0
450	0.0301447	0
451	0.0301444	0
452	0.0301442	0
453	0.0301439	0
454	0.0301437	0
455	0.0301435	0
456	0.0301432	0
457	0.030143	0
458	0.0301427	0
459	0.0301425	0
460	0.0301422	0
461	0.030142	0
462	0.0301417	0
463	0.0301415	0
464	0.0301412	0
465	0.030141	0
466	0.0301407	0
467	0.0301405	0
468	0.0301402	0
469	0.03014	0
470	0.0301397	0
471	0.0301395	0
472	0.0301392	0
473	0.030139	0
474	0.0301387	0
475	0.0301384	0
476	0.0301382	0
477	0.0301379	0
478	0.0301376	0
479	0.0301374	0
480	0.0301371	0
481	0.0301368	0
482	0.0301366	0
483	0.0301363	0
484	0.030136	0
485	0.0301358	0
486	0.0301355	0
487	0.0301352	0
488	0.0301349	0
489	0.0301347	0
490	0.0301344	0
491	0.0301341	0
492	0.0301338	0
493	0.0301335	0
494	0.0301332	0
495	0.030133	0
496	0.0301327	0
497	0.0301324	0
498	0.0301321	0
499	0.0301318	0
500	0.0301315	0
501	0.0301312	0
502	0.0301309	0
503	0.0301306	0
504	0.0301303	0
505	0.0301301	0
506	0.0301298	0
507	0.0301295	0
508	0.0301292	0
509	0.0301289	0
510	0.0301285	0
511	0.0301282	0
512	0.0301279	0
513	0.0301276	0
514	0.0301273	0
515	0.030127	0
516	0.0301267	0
517	0.0301264	0
518	0.0301261	0
519	0.0301258	0
520	0.0301254	0
521	0.0301251	0
522	0.0301248	0
523	0.0301245	0
524	0.0301242	0
525	0.0301238	0
526	0.0301235	0
527	0.0301232	0
528	0.0301229	0
529	0.0301225	0
530	0.0301222	0
531	0.0301219	0
532	0.0301216	0
533	0.0301212	0
534	0.0301209	0
535	0.0301205	0
536	0.0301202	0
537	0.0301199	0
538	0.0301195	0
539	0.0301192	0
540	0.0301188	0
541	0.0301185	0
542	0.0301182	0
543	0.0301178	0
544	0.0301175	0
545	0.0301171	0
546	0.0301168	0
547	0.0301164	0
548	0.030116	0
549	0.0301157	0
550	0.0301153	0
551	0.030115	0
552	0.0301146	0
553	0.0301143	0
554	0.0301139	0
555	0.0301135	0
556	0.0301132	0
557	0.0301128	0
558	0.0301124	0
559	0.030112	0
560	0.0301117	0
561	0.0301113	0
562	0.0301109	0
563	0.0301105	0
564	0.0301102	0
565	0.0301098	0
566	0.0301094	0
567	0.030109	0
568	0.0301086	0
569	0.0301082	0
570	0.0301079	0
571	0.0301075	0
572	0.0301071	0
573	0.0301067	0
574	0.0301063	0
575	0.0301059	0
576	0.0301055	0
577	0.0301051	0
578	0.0301047	0
579	0.0301043	0
580	0.0301039	0
581	0.0301035	0
582	0.0301031	0
583	0.0301026	0
584	0.0301022	0
585	0.0301018	0
586	0.0301014	0
587	0.030101	0
588	0.0301006	0
589	0.0301001	0
590	0.0300997	0
591	0.0300993	0
592	0.0300989	0
593	0.0300984	0
594	0.030098	0
595	0.0300976	0
596	0.0300971	0
597	0.0300967	0
598	0.0300963	0
599	0.0300958	0
600	0.0300954	0
601	0.030095	0
602	0.0300945	0
603	0.0300941	0
604	0.0300936	0
605	0.0300932	0
606	0.0300927	0
607	0.0300923	0
608	0.0300918	0
609	0.0300913	0
610	0.0300909	0
611	0.0300904	0
612	0.03009	0
613	0.0300895	0
614	0.030089	0
615	0.0300886	0
616	0.0300881	0
617	0.0300876	0
618	0.0300871	0
619	0.0300867	0
620	0.0300862	0
621	0.0300857	0
622	0.0300852	0
623	0.0300847	0
624	0.0300843	0
625	0.0300838	0
626	0.0300833	0
627	0.0300828	0
628	0.0300823	0
629	0.0300818	0
630	0.0300813	0
631	0.0300808	0
632	0.0300803	0
633	0.0300798	0
634	0.0300793	0
635	0.0300788	0
636	0.0300783	0
637	0.0300778	0
638	0.0300772	0
639	0.0300767	0
640	0.0300762	0
641	0.0300757	0
642	0.0300752	0
643	0.0300746	0
644	0.0300741	0
645	0.0300736	0
646	0.030073	0
647	0.0300725	0
648	0.030072	0
649	0.0300714	0
650	0.0300709	0
651	0.0300704	0
652	0.0300698	0
653	0.0300693	0
654	0.0300687	0
655	0.0300682	0
656	0.0300676	0
657	0.0300671	0
658	0.0300665	0
659	0.0300659	0
660	0.0300654	0
661	0.0300648	0
662	0.0300643	0
663	0.0300637	0
664	0.0300631	0
665	0.0300625	0
666	0.030062	0
667	0.0300614	0
668	0.0300608	0
669	0.0300602	0
670	0.0300597	0
671	0.0300591	0
672	0.0300585	0
673	0.0300579	0
674	0.0300573	0
675	0.0300567	0
676	0.0300561	0
677	0.0300555	0
678	0.0300549	0
679	0.0300543	0
680	0.0300537	0
681	0.0300531	0
682	0.0300525	0
683	0.0300519	0
684	0.0300513	0
685	0.0300506	0
686	0.03005	0
687	0.0300494	0
688	0.0300488	0
689	0.0300481	0
690	0.0300475	0
691	0.0300469	0
692	0.0300463	0
693	0.0300456	0
694	0.030045	0
695	0.0300443	0
696	0.0300437	0
697	0.0300431	0
698	0.0300424	0
699	0.0300418	0
700	0.0300411	0
701	0.0300405	0
702	0.0300398	0
703	0.0300391	0
704	0.0300385	0
705	0.0300378	0
706	0.0300372	0
707	0.0300365	0
708	0.0300358	0
709	0.0300352	0
710	0.0300345	0
711	0.0300338	0
712	0.0300331	0
713	0.0300324	0
714	0.0300318	0
715	0.0300311	0
716	0.0300304	0
717	0.0300297	0
718	0.030029	0
719	0.0300283	0
720	0.0300276	0
721	0.0300269	0
722	0.0300262	0
723	0.0300255	0
724	0.0300248	0
725	0.0300241	0
726	0.0300234	0
727	0.0300227	0
728	0.030022	0
729	0.0300213	0
730	0.0300206	0
731	0.0300198	0
732	0.0300191	0
733	0.0300184	0
734	0.0300177	0
735	0.0300169	0
736	0.0300162	0
737	0.0300155	0
738	0.0300148	0
739	0.030014	0
740	0.0300133	0
741	0.0300125	0
742	0.0300118	0
743	0.0300111	0
744	0.0300103	0
745	0.0300096	0
746	0.0300088	0
747	0.0300081	0
748	0.0300073	0
749	0.0300066	0
750	0.0300058	0
751	0.030005	0
752	0.0300043	0
753	0.0300035	0
754	0.0300028	0
755	0.030002	0
756	0.0300012	0
757	0.0300005	0
758	0.0299997	0
759	0.0299989	0
760	0.0299981	0
761	0.0299974	0
762	0.0299966	0
763	0.0299958	0
764	0.029995	0
765	0.0299942	0
766	0.0299935	0
767	0.0299927	0
768	0.0299919	0
769	0.0299911	0
770	0.0299903	0
771	0.0299895	0
772	0.0299887	0
773	0.0299879	0
774	0.0299871	0
775	0.0299863	0
776	0.0299855	0
777	0.0299847	0
778	0.0299839	0
779	0.0299831	0
780	0.0299823	0
781	0.0299815	0
782	0.0299807	0
783	0.0299799	0
784	0.0299791	0
785	0.0299783	0
786	0.0299774	0
787	0.0299766	0
788	0.0299758	0
789	0.029975	0
790	0.0299742	0
791	0.0299734	0
792	0.0299725	0
793	0.0299717	0
794	0.0299709	0
795	0.0299701	0
796	0.0299693	0
797	0.0299684	0
798	0.0299676	0
799	0.0299668	0
800	0.0299659	0
801	0.0299651	0
802	0.0299643	0
803	0.0299635	0
804	0.0299626	0
805	0.0299618	0
806	0.029961	0
807	0.0299601	0
808	0.0299593	0
809	0.0299585	0
810	0.0299576	0
811	0.0299568	0
812	0.0299559	0
813	0.0299551	0
814	0.0299543	0
815	0.0299534	0
816	0.0299526	0
817	0.0299517	0
818	0.0299509	0
819	0.0299501	0
820	0.0299492	0
821	0.0299484	0
822	0.0299475	0
823	0.0299467	0
824	0.0299458	0
825	0.029945	0
826	0.0299442	0
827	0.0299433	0
828	0.0299425	0
829	0.0299416	0
830	0.0299408	0
831	0.0299399	0
832	0.0299391	0
833	0.0299382	0
834	0.0299374	0
835	0.0299365	0
836	0.0299357	0
837	0.0299348	0
838	0.029934	0
839	0.0299331	0
840	0.0299323	0
841	0.0299314	0
842	0.0299306	0
843	0.0299297	0
844	0.0299289	0
845	0.029928	0
846	0.0299272	0
847	0.0299263	0
848	0.0299255	0
849	0.0299246	0
850	0.0299238	0
851	0.0299229	0
852	0.0299221	0
853	0.0299212	0
854	0.0299204	0
855	0.0299195	0
856	0.0299187	0
857	0.0299178	0
858	0.029917	0
859	0.0299161	0
860	0.0299153	0
861	0.0299144	0
862	0.0299136	0
863	0.0299127	0
864	0.0299119	0
865	0.0299111	0
866	0.0299102	0
867	0.0299094	0
868	0.0299085	0
869	0.0299077	0
870	0.0299068	0
871	0.029906	0
872	0.0299051	0
873	0.0299043	0
874	0.0299034	0
875	0.0299026	0
876	0.0299017	0
877	0.0299009	0
878	0.0299	0
879	0.0298992	0
880	0.0298983	0
881	0.0298975	0
882	0.0298967	0
883	0.0298958	0
884	0.029895	0
885	0.0298941	0
886	0.0298933	0
887	0.0298924	0
888	0.0298916	0
889	0.0298907	0
890	0.0298899	0
891	0.0298891	0
892	0.0298882	0
893	0.0298874	0
894	0.0298865	0
895	0.0298857	0
896	0.0298848	0
897	0.029884	0
898	0.0298832	0
899	0.0298823	0
900	0.0298815	0
901	0.0298806	0
902	0.0298798	0
903	0.0298789	0
904	0.0298781	0
905	0.0298773	0
906	0.0298764	0
907	0.0298756	0
908	0.0298747	0
909	0.0298739	0
910	0.0298731	0
911	0.0298722	0
912	0.0298714	0
913	0.0298705	0
914	0.0298697	0
915	0.0298689	0
916	0.029868	0
917	0.0298672	0
918	0.0298664	0
919	0.0298655	0
920	0.0298647	0
921	0.0298638	0
922	0.029863	0
923	0.0298622	0
924	0.0298613	0
925	0.0298605	0
926	0.0298597	0
927	0.0298588	0
928	0.029858	0
929	0.0298572	0
930	0.0298563	0
931	0.0298555	0
932	0.0298547	0
933	0.0298538	0
934	0.029853	0
935	0.0298521	0
936	0.0298513	0
937	0.0298505	0
938	0.0298496	0
939	0.0298488	0
940	0.029848	0
941	0.0298471	0
942	0.0298463	0
943	0.0298455	0
944	0.0298446	0
945	0.0298438	0
946	0.029843	0
947	0.0298421	0
948	0.0298413	0
949	0.0298405	0
950	0.0298397	0
951	0.0298388	0
952	0.029838	0
953	0.0298372	0
954	0.0298363	0
955	0.0298355	0
956	0.0298347	0
957	0.0298338	0
958	0.029833	0
959	0.0298322	0
960	0.0298314	0
961	0.0298305	0
962	0.0298297	0
963	0.0298289	0
964	0.029828	0
965	0.0298272	0
966	0.0298264	0
967	0.0298256	0
968	0.0298247	0
969	0.0298239	0
970	0.0298231	0
971	0.0298223	0
972	0.0298214	0
973	0.0298206	0
974	0.0298198	0
975	0.029819	0
976	0.0298181	0
977	0.0298173	0
978	0.0298165	0
979	0.0298157	0
980	0.0298148	0
981	0.029814	0
982	0.0298132	0
983	0.0298124	0
984	0.0298116	0
985	0.0298107	0
986	0.0298099	0
987	0.0298091	0
988	0.0298083	0
989	0.0298075	0
990	0.0298067	0
991	0.0298058	0
992	0.029805	0
993	0.0298042	0
994	0.0298034	0
995	0.0298026	0
996	0.0298018	0
997	0.029801	0
998	0.0298002	0
999	0.0297993	0
1000	0.0297985	0
