1	0.0317745	0
2	0.0305056	0
3	0.0299747	0
4	0.0297555	0
5	0.0296646	0
6	0.0296261	0
7	0.029609	0
8	0.0296009	0
9	0.0295965	0
10	0.0295938	0
11	0.0295918	0
12	0.0295902	0
13	0.0295888	0
14	0.0295875	0
15	0.0295863	0
16	0.029585	0
17	0.0295838	0
18	0.0295826	0
19	0.0295815	0
20	0.0295803	0
21	0.0295792	0
22	0.029578	0
23	0.0295769	0
24	0.0295757	0
25	0.0295746	0
26	0.0295735	0
27	0.0295724	0
28	0.0295712	0
29	0.0295701	0
30	0.029569	0
31	0.0295679	0
32	0.0295668	0
33	0.0295658	0
34	0.0295647	0
35	0.0295636	0
36	0.0295625	0
37	0.0295615	0
38	0.0295604	0
39	0.0295593	0
40	0.0295583	0
41	0.0295572	0
42	0.0295562	0
43	0.0295551	0
44	0.0295541	0
45	0.0295531	0
46	0.029552	0
47	0.029551	0
48	0.02955	0
49	0.029549	0
50	0.029548	0
51	0.0295469	0
52	0.0295459	0
53	0.0295449	0
54	0.0295439	0
55	0.0295429	0
56	0.0295419	0
57	0.029541	0
58	0.02954	0
59	0.029539	0
60	0.029538	0
61	0.029537	0
62	0.0295361	0
63	0.0295351	0
64	0.0295341	0
65	0.0295332	0
66	0.0295322	0
67	0.0295312	0
68	0.0295303	0
69	0.0295293	0
70	0.0295284	0
71	0.0295274	0
72	0.0295265	0
73	0.0295255	0
74	0.0295246	0
75	0.0295237	0
76	0.0295227	0
77	0.0295218	0
78	0.0295209	0
79	0.0295199	0
80	0.029519	0
81	0.0295181	0
82	0.0295172	0
83	0.0295163	0
84	0.0295154	0
85	0.0295144	0
86	0.0295135	0
87	0.0295126	0
88	0.0295117	0
89	0.0295108	0
90	0.0295099	0
91	0.029509	0
92	0.0295081	0
93	0.0295072	0
94	0.0295063	0
95	0.0295054	0
96	0.0295045	0
97	0.0295036	0
98	0.0295028	0
99	0.0295019	0
100	0.029501	0
101	0.0295001	0
102	0.0294992	0
103	0.0294983	0
104	0.0294975	0
105	0.0294966	0
106	0.0294957	0
107	0.0294948	0
108	0.029494	0
109	0.0294931	0
110	0.0294922	0
111	0.0294914	0
112	0.0294905	0
113	0.0294896	0
114	0.0294888	0
115	0.0294879	0
116	0.0294871	0
117	0.0294862	0
118	0.0294853	0
119	0.0294845	0
120	0.0294836	0
121	0.0294828	0
122	0.0294819	0
123	0.0294811	0
124	0.0294802	0
125	0.0294794	0
126	0.0294785	0
127	0.0294777	0
128	0.0294768	0
129	0.029476	0
130	0.0294751	0
131	0.0294743	0
132	0.0294734	0
133	0.0294726	0
134	0.0294718	0
135	0.0294709	0
136	0.0294701	0
137	0.0294692	0
138	0.0294684	0
139	0.0294676	0
140	0.0294667	0
141	0.0294659	0
142	0.029465	0
143	0.0294642	0
144	0.0294634	0
145	0.0294625	0
146	0.0294617	0
147	0.0294609	0
148	0.02946	0
149	0.0294592	0
150	0.0294584	0
151	0.0294576	0
152	0.0294567	0
153	0.0294559	0
154	0.0294551	0
155	0.0294542	0
156	0.0294534	0
157	0.0294526	0
158	0.0294518	0
159	0.0294509	0
160	0.0294501	0
161	0.0294493	0
162	0.0294485	0
163	0.0294476	0
164	0.0294468	0
165	0.029446	0
166	0.0294452	0
167	0.0294443	0
168	0.0294435	0
169	0.0294427	0
170	0.0294419	0
171	0.029441	0
172	0.0294402	0
173	0.0294394	0
174	0.0294386	0
175	0.0294377	0
176	0.0294369	0
177	0.0294361	0
178	0.0294353	0
179	0.0294345	0
180	0.0294336	0
181	0.0294328	0
182	0.029432	0
183	0.0294312	0
184	0.0294304	0
185	0.0294295	0
186	0.0294287	0
187	0.0294279	0
188	0.0294271	0
189	0.0294263	0
190	0.0294254	0
191	0.0294246	0
192	0.0294238	0
193	0.029423	0
194	0.0294221	0
195	0.0294213	0
196	0.0294205	0
197	0.0294197	0
198	0.0294189	0
199	0.029418	0
200	0.0294172	0
201	0.0294164	0
202	0.0294156	0
203	0.0294147	0
204	0.0294139	0
205	0.0294131	0
206	0.0294123	0
207	0.0294115	0
208	0.0294106	0
209	0.0294098	0
210	0.029409	0
211	0.0294082	0
212	0.0294073	0
213	0.0294065	0
214	0.0294057	0
215	0.0294048	0
216	0.029404	0
217	0.0294032	0
218	0.0294024	0
219	0.0294015	0
220	0.0294007	0
221	0.0293999	0
222	0.0293991	0
223	0.0293982	0
224	0.0293974	0
225	0.0293966	0
226	0.0293957	0
227	0.0293949	0
228	0.0293941	0
229	0.0293932	0
230	0.0293924	0
231	0.0293916	0
232	0.0293907	0
233	0.0293899	0
234	0.0293891	0
235	0.0293882	0
236	0.0293874	0
237	0.0293866	0
238	0.0293857	0
239	0.0293849	0
240	0.029384	0
241	0.0293832	0
242	0.0293824	0
243	0.0293815	0
244	0.0293807	0
245	0.0293798	0
246	0.029379	0
247	0.0293781	0
248	0.0293773	0
249	0.0293765	0
250	0.0293756	0
251	0.0293748	0
252	0.0293739	0
253	0.0293731	0
254	0.0293722	0
255	0.0293714	0
256	0.0293705	0
257	0.0293697	0
258	0.0293688	0
259	0.0293679	0
260	0.0293671	0
261	0.0293662	0
262	0.0293654	0
263	0.0293645	0
264	0.0293637	0
265	0.0293628	0
266	0.0293619	0
267	0.0293611	0
268	0.0293602	0
269	0.0293593	0
270	0.0293585	0
271	0.0293576	0
272	0.0293567	0
273	0.0293559	0
274	0.029355	0
275	0.0293541	0
276	0.0293533	0
277	0.0293524	0
278	0.0293515	0
279	0.0293506	0
280	0.0293497	0
281	0.0293489	0
282	0.029348	0
283	0.0293471	0
284	0.0293462	0
285	0.0293453	0
286	0.0293445	0
287	0.0293436	0
288	0.0293427	0
289	0.0293418	0
290	0.0293409	0
291	0.02934	0
292	0.0293391	0
293	0.0293382	0
294	0.0293373	0
295	0.0293364	0
296	0.0293355	0
297	0.0293346	0
298	0.0293337	0
299	0.0293328	0
300	0.0293319	0
301	0.029331	0
302	0.0293301	0
303	0.0293292	0
304	0.0293282	0
305	0.0293273	0
306	0.0293264	0
307	0.0293255	0
308	0.0293246	0
309	0.0293236	0
310	0.0293227	0
311	0.0293218	0
312	0.0293209	0
313	0.0293199	0
314	0.029319	0
315	0.0293181	0
316	0.0293171	0
317	0.0293162	0
318	0.0293152	0
319	0.0293143	0
320	0.0293133	0
321	0.0293124	0
322	0.0293114	0
323	0.0293105	0
324	0.0293095	0
325	0.0293086	0
326	0.0293076	0
327	0.0293067	0
328	0.0293057	0
329	0.0293047	0
330	0.0293038	0
331	0.0293028	0
332	0.0293018	0
333	0.0293008	0
334	0.0292999	0
335	0.0292989	0
336	0.0292979	0
337	0.0292969	0
338	0.0292959	0
339	0.0292949	0
340	0.0292939	0
341	0.0292929	0
342	0.0292919	0
343	0.0292909	0
344	0.0292899	0
345	0.0292889	0
346	0.0292879	0
347	0.0292869	0
348	0.0292859	0
349	0.0292849	0
350	0.0292838	0
351	0.0292828	0
352	0.0292818	0
353	0.0292808	0
354	0.0292797	0
355	0.0292787	0
356	0.0292776	0
357	0.0292766	0
358	0.0292755	0
359	0.0292745	0
360	0.0292734	0
361	0.0292724	0
362	0.0292713	0
363	0.0292703	0
364	0.0292692	0
365	0.0292681	0
366	0.029267	0
367	0.029266	0
368	0.0292649	0
369	0.0292638	0
370	0.0292627	0
371	0.0292616	0
372	0.0292605	0
373	0.0292594	0
374	0.0292583	0
375	0.0292572	0
376	0.0292561	0
377	0.0292549	0
378	0.0292538	0
379	0.0292527	0
380	0.0292516	0
381	0.0292504	0
382	0.0292493	0
383	0.0292481	0
384	0.029247	0
385	0.0292458	0
386	0.0292447	0
387	0.0292435	0
388	0.0292424	0
389	0.0292412	0
390	0.02924	0
391	0.0292388	0
392	0.0292377	0
393	0.0292365	0
394	0.0292353	0
395	0.0292341	0
396	0.0292329	0
397	0.0292317	0
398	0.0292304	0
399	0.0292292	0
400	0.029228	0
401	0.0292268	0
402	0.0292255	0
403	0.0292243	0
404	0.0292231	0
405	0.0292218	0
406	0.0292205	0
407	0.0292193	0
408	0.029218	0
409	0.0292167	0
410	0.0292155	0
411	0.0292142	0
412	0.0292129	0
413	0.0292116	0
414	0.0292103	0
415	0.029209	0
416	0.0292077	0
417	0.0292064	0
418	0.029205	0
419	0.0292037	0
420	0.0292024	0
421	0.029201	0
422	0.0291997	0
423	0.0291983	0
424	0.0291969	0
425	0.0291956	0
426	0.0291942	0
427	0.0291928	0
428	0.0291914	0
429	0.02919	0
430	0.0291886	0
431	0.0291872	0
432	0.0291858	0
433	0.0291844	0
434	0.0291829	0
435	0.0291815	0
436	0.0291801	0
437	0.0291786	0
438	0.0291771	0
439	0.0291757	0
440	0.0291742	0
441	0.0291727	0
442	0.0291712	0
443	0.0291697	0
444	0.0291682	0
445	0.0291667	0
446	0.0291652	0
447	0.0291637	0
448	0.0291621	0
449	0.0291606	0
450	0.029159	0
451	0.0291575	0
452	0.0291559	0
453	0.0291543	0
454	0.0291527	0
455	0.0291511	0
456	0.0291495	0
457	0.0291479	0
458	0.0291463	0
459	0.0291447	0
460	0.029143	0
461	0.0291414	0
462	0.0291397	0
463	0.029138	0
464	0.0291364	0
465	0.0291347	0
466	0.029133	0
467	0.0291313	0
468	0.0291296	0
469	0.0291279	0
470	0.0291261	0
471	0.0291244	0
472	0.0291226	0
473	0.0291209	0
474	0.0291191	0
475	0.0291173	0
476	0.0291155	0
477	0.0291137	0
478	0.0291119	0
479	0.0291101	0
480	0.0291083	0
481	0.0291064	0
482	0.0291046	0
483	0.0291027	0
484	0.0291009	0
485	0.029099	0
486	0.0290971	0
487	0.0290952	0
488	0.0290933	0
489	0.0290913	0
490	0.0290894	0
491	0.0290874	0
492	0.0290855	0
493	0.0290835	0
494	0.0290815	0
495	0.0290796	0
496	0.0290775	0
497	0.0290755	0
498	0.0290735	0
499	0.0290715	0
500	0.0290694	0
501	0.0290674	0
502	0.0290653	0
503	0.0290632	0
504	0.0290611	0
505	0.029059	0
506	0.0290569	0
507	0.0290547	0
508	0.0290526	0
509	0.0290504	0
510	0.0290483	0
511	0.0290461	0
512	0.0290439	0
513	0.0290417	0
514	0.0290395	0
515	0.0290373	0
516	0.029035	0
517	0.0290328	0
518	0.0290305	0
519	0.0290282	0
520	0.0290259	0
521	0.0290236	0
522	0.0290213	0
523	0.029019	0
524	0.0290166	0
525	0.0290143	0
526	0.0290119	0
527	0.0290095	0
528	0.0290071	0
529	0.0290047	0
530	0.0290023	0
531	0.0289998	0
532	0.0289974	0
533	0.0289949	0
534	0.0289924	0
535	0.02899	0
536	0.0289875	0
537	0.0289849	0
538	0.0289824	0
539	0.0289799	0
540	0.0289773	0
541	0.0289747	0
542	0.0289722	0
543	0.0289696	0
544	0.0289669	0
545	0.0289643	0
546	0.0289617	0
547	0.028959	0
548	0.0289564	0
549	0.0289537	0
550	0.028951	0
551	0.0289483	0
552	0.0289456	0
553	0.0289428	0
554	0.0289401	0
555	0.0289373	0
556	0.0289345	0
557	0.0289317	0
558	0.0289289	0
559	0.0289261	0
560	0.0289233	0
561	0.0289204	0
562	0.0289176	0
563	0.0289147	0
564	0.0289118	0
565	0.0289089	0
566	0.028906	0
567	0.0289031	0
568	0.0289002	0
569	0.0288972	0
570	0.0288942	0
571	0.0288913	0
572	0.0288883	0
573	0.0288853	0
574	0.0288822	0
575	0.0288792	0
576	0.0288762	0
577	0.0288731	0
578	0.02887	0
579	0.0288669	0
580	0.0288638	0
581	0.0288607	0
582	0.0288576	0
583	0.0288545	0
584	0.0288513	0
585	0.0288481	0
586	0.028845	0
587	0.0288418	0
588	0.0288386	0
589	0.0288354	0
590	0.0288321	0
591	0.0288289	0
592	0.0288256	0
593	0.0288224	0
594	0.0288191	0
595	0.0288158	0
596	0.0288125	0
597	0.0288092	0
598	0.0288059	0
599	0.0288026	0
600	0.0287992	0
601	0.0287959	0
602	0.0287925	0
603	0.0287891	0
604	0.0287857	0
605	0.0287823	0
606	0.0287789	0
607	0.0287755	0
608	0.0287721	0
609	0.0287686	0
610	0.0287652	0
611	0.0287617	0
612	0.0287582	0
613	0.0287547	0
614	0.0287513	0
615	0.0287478	0
616	0.0287442	0
617	0.0287407	0
618	0.0287372	0
619	0.0287337	0
620	0.0287301	0
621	0.0287266	0
622	0.028723	0
623	0.0287194	0
624	0.0287158	0
625	0.0287123	0
626	0.0287087	0
627	0.0287051	0
628	0.0287014	0
629	0.0286978	0
630	0.0286942	0
631	0.0286906	0
632	0.0286869	0
633	0.0286833	0
634	0.0286796	0
635	0.028676	0
636	0.0286723	0
637	0.0286687	0
638	0.028665	0
639	0.0286613	0
640	0.0286576	0
641	0.0286539	0
642	0.0286502	0
643	0.0286465	0
644	0.0286428	0
645	0.0286391	0
646	0.0286354	0
647	0.0286317	0
648	0.028628	0
649	0.0286243	0
650	0.0286205	0
651	0.0286168	0
652	0.0286131	0
653	0.0286094	0
654	0.0286056	0
655	0.0286019	0
656	0.0285981	0
657	0.0285944	0
658	0.0285907	0
659	0.0285869	0
660	0.0285832	0
661	0.0285794	0
662	0.0285757	0
663	0.0285719	0
664	0.0285682	0
665	0.0285645	0
666	0.0285607	0
667	0.028557	0
668	0.0285532	0
669	0.0285495	0
670	0.0285457	0
671	0.028542	0
672	0.0285383	0
673	0.0285345	0
674	0.0285308	0
675	0.0285271	0
676	0.0285233	0
677	0.0285196	0
678	0.0285159	0
679	0.0285122	0
680	0.0285085	0
681	0.0285048	0
682	0.0285011	0
683	0.0284973	0
684	0.0284937	0
685	0.02849	0
686	0.0284863	0
687	0.0284826	0
688	0.0284789	0
689	0.0284752	0
690	0.0284716	0
691	0.0284679	0
692	0.0284642	0
693	0.0284606	0
694	0.028457	0
695	0.0284533	0
696	0.0284497	0
697	0.0284461	0
698	0.0284425	0
699	0.0284388	0
700	0.0284352	0
701	0.0284317	0
702	0.0284281	0
703	0.0284245	0
704	0.0284209	0
705	0.0284174	0
706	0.0284138	0
707	0.0284103	0
708	0.0284068	0
709	0.0284032	0
710	0.0283997	0
711	0.0283962	0
712	0.0283927	0
713	0.0283892	0
714	0.0283858	0
715	0.0283823	0
716	0.0283789	0
717	0.0283754	0
718	0.028372	0
719	0.0283686	0
720	0.0283652	0
721	0.0283618	0
722	0.0283584	0
723	0.028355	0
724	0.0283517	0
725	0.0283483	0
726	0.028345	0
727	0.0283417	0
728	0.0283384	0
729	0.0283351	0
730	0.0283318	0
731	0.0283285	0
732	0.0283252	0
733	0.028322	0
734	0.0283188	0
735	0.0283155	0
736	0.0283123	0
737	0.0283091	0
738	0.028306	0
739	0.0283028	0
740	0.0282996	0
741	0.0282965	0
742	0.0282934	0
743	0.0282903	0
744	0.0282872	0
745	0.0282841	0
746	0.028281	0
747	0.028278	0
748	0.0282749	0
749	0.0282719	0
750	0.0282689	0
751	0.0282659	0
752	0.028263	0
753	0.02826	0
754	0.028257	0
755	0.0282541	0
756	0.0282512	0
757	0.0282483	0
758	0.0282454	0
759	0.0282425	0
760	0.0282397	0
761	0.0282368	0
762	0.028234	0
763	0.0282312	0
764	0.0282284	0
765	0.0282256	0
766	0.0282229	0
767	0.0282201	0
768	0.0282174	0
769	0.0282147	0
770	0.028212	0
771	0.0282093	0
772	0.0282066	0
773	0.028204	0
774	0.0282014	0
775	0.0281987	0
776	0.0281961	0
777	0.0281936	0
778	0.028191	0
779	0.0281884	0
780	0.0281859	0
781	0.0281834	0
782	0.0281809	0
783	0.0281784	0
784	0.0281759	0
785	0.0281734	0
786	0.028171	0
787	0.0281686	0
788	0.0281662	0
789	0.0281638	0
790	0.0281614	0
791	0.028159	0
792	0.0281567	0
793	0.0281543	0
794	0.028152	0
795	0.0281497	0
796	0.0281474	0
797	0.0281452	0
798	0.0281429	0
799	0.0281407	0
800	0.0281384	0
801	0.0281362	0
802	0.028134	0
803	0.0281319	0
804	0.0281297	0
805	0.0281276	0
806	0.0281254	0
807	0.0281233	0
808	0.0281212	0
809	0.0281191	0
810	0.0281171	0
811	0.028115	0
812	0.028113	0
813	0.0281109	0
814	0.0281089	0
815	0.0281069	0
816	0.028105	0
817	0.028103	0
818	0.028101	0
819	0.0280991	0
820	0.0280972	0
821	0.0280953	0
822	0.0280934	0
823	0.0280915	0
824	0.0280896	0
825	0.0280878	0
826	0.0280859	0
827	0.0280841	0
828	0.0280823	0
829	0.0280805	0
830	0.0280787	0
831	0.028077	0
832	0.0280752	0
833	0.0280735	0
834	0.0280717	0
835	0.02807	0
836	0.0280683	0
837	0.0280666	0
838	0.028065	0
839	0.0280633	0
840	0.0280616	0
841	0.02806	0
842	0.0280584	0
843	0.0280568	0
844	0.0280552	0
845	0.0280536	0
846	0.028052	0
847	0.0280505	0
848	0.0280489	0
849	0.0280474	0
850	0.0280458	0
851	0.0280443	0
852	0.0280428	0
853	0.0280413	0
854	0.0280399	0
855	0.0280384	0
856	0.0280369	0
857	0.0280355	0
858	0.0280341	0
859	0.0280327	0
860	0.0280312	0
861	0.0280298	0
862	0.0280285	0
863	0.0280271	0
864	0.0280257	0
865	0.0280244	0
866	0.028023	0
867	0.0280217	0
868	0.0280204	0
869	0.0280191	0
870	0.0280178	0
871	0.0280165	0
872	0.0280152	0
873	0.0280139	0
874	0.0280127	0
875	0.0280114	0
876	0.0280102	0
877	0.0280089	0
878	0.0280077	0
879	0.0280065	0
880	0.0280053	0
881	0.0280041	0
882	0.0280029	0
883	0.0280017	0
884	0.0280006	0
885	0.0279994	0
886	0.0279983	0
887	0.0279971	0
888	0.027996	0
889	0.0279949	0
890	0.0279938	0
891	0.0279927	0
892	0.0279916	0
893	0.0279905	0
894	0.0279894	0
895	0.0279883	0
896	0.0279873	0
897	0.0279862	0
898	0.0279852	0
899	0.0279841	0
900	0.0279831	0
901	0.0279821	0
902	0.0279811	0
903	0.0279801	0
904	0.0279791	0
905	0.0279781	0
906	0.0279771	0
907	0.0279761	0
908	0.0279751	0
909	0.0279742	0
910	0.0279732	0
911	0.0279723	0
912	0.0279713	0
913	0.0279704	0
914	0.0279695	0
915	0.0279685	0
916	0.0279676	0
917	0.0279667	0
918	0.0279658	0
919	0.0279649	0
920	0.027964	0
921	0.0279631	0
922	0.0279623	0
923	0.0279614	0
924	0.0279605	0
925	0.0279597	0
926	0.0279588	0
927	0.027958	0
928	0.0279571	0
929	0.0279563	0
930	0.0279555	0
931	0.0279547	0
932	0.0279538	0
933	0.027953	0
934	0.0279522	0
935	0.0279514	0
936	0.0279506	0
937	0.0279498	0
938	0.0279491	0
939	0.0279483	0
940	0.0279475	0
941	0.0279467	0
942	0.027946	0
943	0.0279452	0
944	0.0279445	0
945	0.0279437	0
946	0.027943	0
947	0.0279422	0
948	0.0279415	0
949	0.0279408	0
950	0.0279401	0
951	0.0279393	0
952	0.0279386	0
953	0.0279379	0
954	0.0279372	0
955	0.0279365	0
956	0.0279358	0
957	0.0279351	0
958	0.0279344	0
959	0.0279338	0
960	0.0279331	0
961	0.0279324	0
962	0.0279317	0
963	0.0279311	0
964	0.0279304	0
965	0.0279297	0
966	0.0279291	0
967	0.0279284	0
968	0.0279278	0
969	0.0279271	0
970	0.0279265	0
971	0.0279259	0
972	0.0279252	0
973	0.0279246	0
974	0.027924	0
975	0.0279234	0
976	0.0279227	0
977	0.0279221	0
978	0.0279215	0
979	0.0279209	0
980	0.0279203	0
981	0.0279197	0
982	0.0279191	0
983	0.0279185	0
984	0.0279179	0
985	0.0279173	0
986	0.0279168	0
987	0.0279162	0
988	0.0279156	0
989	0.027915	0
990	0.0279145	0
991	0.0279139	0
992	0.0279133	0
993	0.0279128	0
994	0.0279122	0
995	0.0279117	0
996	0.0279111	0
997	0.0279105	0
998	0.02791	0
999	0.0279095	0
1000	0.0279089	0
