1	0.031107	0
2	0.0303581	0
3	0.0300317	0
4	0.0298889	0
5	0.0298256	0
6	0.029797	0
7	0.0297833	0
8	0.0297763	0
9	0.0297721	0
10	0.0297692	0
11	0.0297669	0
12	0.0297648	0
13	0.0297628	0
14	0.029761	0
15	0.0297591	0
16	0.0297573	0
17	0.0297555	0
18	0.0297537	0
19	0.0297519	0
20	0.0297501	0
21	0.0297483	0
22	0.0297466	0
23	0.0297449	0
24	0.0297431	0
25	0.0297414	0
26	0.0297397	0
27	0.029738	0
28	0.0297363	0
29	0.0297346	0
30	0.029733	0
31	0.0297313	0
32	0.0297296	0
33	0.029728	0
34	0.0297264	0
35	0.0297248	0
36	0.0297231	0
37	0.0297215	0
38	0.0297199	0
39	0.0297183	0
40	0.0297168	0
41	0.0297152	0
42	0.0297136	0
43	0.0297121	0
44	0.0297105	0
45	0.029709	0
46	0.0297074	0
47	0.0297059	0
48	0.0297044	0
49	0.0297029	0
50	0.0297014	0
51	0.0296998	0
52	0.0296984	0
53	0.0296969	0
54	0.0296954	0
55	0.0296939	0
56	0.0296924	0
57	0.029691	0
58	0.0296895	0
59	0.0296881	0
60	0.0296866	0
61	0.0296852	0
62	0.0296838	0
63	0.0296823	0
64	0.0296809	0
65	0.0296795	0
66	0.0296781	0
67	0.0296767	0
68	0.0296753	0
69	0.0296739	0
70	0.0296725	0
71	0.0296711	0
72	0.0296697	0
73	0.0296684	0
74	0.029667	0
75	0.0296656	0
76	0.0296643	0
77	0.0296629	0
78	0.0296616	0
79	0.0296602	0
80	0.0296589	0
81	0.0296575	0
82	0.0296562	0
83	0.0296549	0
84	0.0296535	0
85	0.0296522	0
86	0.0296509	0
87	0.0296496	0
88	0.0296483	0
89	0.029647	0
90	0.0296457	0
91	0.0296444	0
92	0.0296431	0
93	0.0296418	0
94	0.0296405	0
95	0.0296392	0
96	0.0296379	0
97	0.0296366	0
98	0.0296354	0
99	0.0296341	0
100	0.0296328	0
101	0.0296315	0
102	0.0296303	0
103	0.029629	0
104	0.0296278	0
105	0.0296265	0
106	0.0296252	0
107	0.029624	0
108	0.0296227	0
109	0.0296215	0
110	0.0296203	0
111	0.029619	0
112	0.0296178	0
113	0.0296165	0
114	0.0296153	0
115	0.0296141	0
116	0.0296128	0
117	0.0296116	0
118	0.0296104	0
119	0.0296092	0
120	0.029608	0
121	0.0296067	0
122	0.0296055	0
123	0.0296043	0
124	0.0296031	0
125	0.0296019	0
126	0.0296007	0
127	0.0295995	0
128	0.0295983	0
129	0.0295971	0
130	0.0295959	0
131	0.0295947	0
132	0.0295935	0
133	0.0295923	0
134	0.0295911	0
135	0.0295899	0
136	0.0295887	0
137	0.0295875	0
138	0.0295863	0
139	0.0295851	0
140	0.0295839	0
141	0.0295827	0
142	0.0295816	0
143	0.0295804	0
144	0.0295792	0
145	0.029578	0
146	0.0295768	0
147	0.0295757	0
148	0.0295745	0
149	0.0295733	0
150	0.0295721	0
151	0.029571	0
152	0.0295698	0
153	0.0295686	0
154	0.0295675	0
155	0.0295663	0
156	0.0295651	0
157	0.0295639	0
158	0.0295628	0
159	0.0295616	0
160	0.0295605	0
161	0.0295593	0
162	0.0295581	0
163	0.029557	0
164	0.0295558	0
165	0.0295546	0
166	0.0295535	0
167	0.0295523	0
168	0.0295512	0
169	0.02955	0
170	0.0295488	0
171	0.0295477	0
172	0.0295465	0
173	0.0295454	0
174	0.0295442	0
175	0.0295431	0
176	0.0295419	0
177	0.0295408	0
178	0.0295396	0
179	0.0295385	0
180	0.0295373	0
181	0.0295361	0
182	0.029535	0
183	0.0295338	0
184	0.0295327	0
185	0.0295315	0
186	0.0295304	0
187	0.0295292	0
188	0.0295281	0
189	0.0295269	0
190	0.0295258	0
191	0.0295246	0
192	0.0295235	0
193	0.0295223	0
194	0.0295212	0
195	0.0295201	0
196	0.0295189	0
197	0.0295178	0
198	0.0295166	0
199	0.0295155	0
200	0.0295143	0
201	0.0295132	0
202	0.029512	0
203	0.0295109	0
204	0.0295097	0
205	0.0295086	0
206	0.0295074	0
207	0.0295063	0
208	0.0295051	0
209	0.029504	0
210	0.0295029	0
211	0.0295017	0
212	0.0295006	0
213	0.0294994	0
214	0.0294983	0
215	0.0294971	0
216	0.029496	0
217	0.0294948	0
218	0.0294937	0
219	0.0294925	0
220	0.0294914	0
221	0.0294903	0
222	0.0294891	0
223	0.029488	0
224	0.0294868	0
225	0.0294857	0
226	0.0294845	0
227	0.0294834	0
228	0.0294822	0
229	0.0294811	0
230	0.0294799	0
231	0.0294788	0
232	0.0294777	0
233	0.0294765	0
234	0.0294754	0
235	0.0294742	0
236	0.0294731	0
237	0.0294719	0
238	0.0294708	0
239	0.0294696	0
240	0.0294685	0
241	0.0294673	0
242	0.0294662	0
243	0.029465	0
244	0.0294639	0
245	0.0294628	0
246	0.0294616	0
247	0.0294605	0
248	0.0294593	0
249	0.0294582	0
250	0.029457	0
251	0.0294559	0
252	0.0294547	0
253	0.0294536	0
254	0.0294524	0
255	0.0294513	0
256	0.0294501	0
257	0.029449	0
258	0.0294478	0
259	0.0294467	0
260	0.0294455	0
261	0.0294444	0
262	0.0294432	0
263	0.0294421	0
264	0.0294409	0
265	0.0294398	0
266	0.0294386	0
267	0.0294375	0
268	0.0294363	0
269	0.0294352	0
270	0.029434	0
271	0.0294329	0
272	0.0294317	0
273	0.0294306	0
274	0.0294294	0
275	0.0294283	0
276	0.0294271	0
277	0.029426	0
278	0.0294248	0
279	0.0294237	0
280	0.0294225	0
281	0.0294214	0
282	0.0294202	0
283	0.0294191	0
284	0.0294179	0
285	0.0294168	0
286	0.0294156	0
287	0.0294145	0
288	0.0294133	0
289	0.0294122	0
290	0.029411	0
291	0.0294099	0
292	0.0294087	0
293	0.0294076	0
294	0.0294064	0
295	0.0294052	0
296	0.0294041	0
297	0.0294029	0
298	0.0294018	0
299	0.0294006	0
300	0.0293995	0
301	0.0293983	0
302	0.0293972	0
303	0.029396	0
304	0.0293949	0
305	0.0293937	0
306	0.0293925	0
307	0.0293914	0
308	0.0293902	0
309	0.0293891	0
310	0.0293879	0
311	0.0293868	0
312	0.0293856	0
313	0.0293845	0
314	0.0293833	0
315	0.0293821	0
316	0.029381	0
317	0.0293798	0
318	0.0293787	0
319	0.0293775	0
320	0.0293764	0
321	0.0293752	0
322	0.029374	0
323	0.0293729	0
324	0.0293717	0
325	0.0293706	0
326	0.0293694	0
327	0.0293683	0
328	0.0293671	0
329	0.0293659	0
330	0.0293648	0
331	0.0293636	0
332	0.0293625	0
333	0.0293613	0
334	0.0293601	0
335	0.029359	0
336	0.0293578	0
337	0.0293567	0
338	0.0293555	0
339	0.0293543	0
340	0.0293532	0
341	0.029352	0
342	0.0293509	0
343	0.0293497	0
344	0.0293485	0
345	0.0293474	0
346	0.0293462	0
347	0.029345	0
348	0.0293439	0
349	0.0293427	0
350	0.0293416	0
351	0.0293404	0
352	0.0293392	0
353	0.0293381	0
354	0.0293369	0
355	0.0293357	0
356	0.0293346	0
357	0.0293334	0
358	0.0293322	0
359	0.0293311	0
360	0.0293299	0
361	0.0293287	0
362	0.0293276	0
363	0.0293264	0
364	0.0293252	0
365	0.0293241	0
366	0.0293229	0
367	0.0293217	0
368	0.0293206	0
369	0.0293194	0
370	0.0293182	0
371	0.0293171	0
372	0.0293159	0
373	0.0293147	0
374	0.0293136	0
375	0.0293124	0
376	0.0293112	0
377	0.02931	0
378	0.0293089	0
379	0.0293077	0
380	0.0293065	0
381	0.0293053	0
382	0.0293042	0
383	0.029303	0
384	0.0293018	0
385	0.0293006	0
386	0.0292995	0
387	0.0292983	0
388	0.0292971	0
389	0.0292959	0
390	0.0292948	0
391	0.0292936	0
392	0.0292924	0
393	0.0292912	0
394	0.02929	0
395	0.0292889	0
396	0.0292877	0
397	0.0292865	0
398	0.0292853	0
399	0.0292841	0
400	0.0292829	0
401	0.0292818	0
402	0.0292806	0
403	0.0292794	0
404	0.0292782	0
405	0.029277	0
406	0.0292758	0
407	0.0292746	0
408	0.0292734	0
409	0.0292722	0
410	0.029271	0
411	0.0292698	0
412	0.0292687	0
413	0.0292675	0
414	0.0292663	0
415	0.0292651	0
416	0.0292639	0
417	0.0292627	0
418	0.0292615	0
419	0.0292603	0
420	0.0292591	0
421	0.0292579	0
422	0.0292567	0
423	0.0292554	0
424	0.0292542	0
425	0.029253	0
426	0.0292518	0
427	0.0292506	0
428	0.0292494	0
429	0.0292482	0
430	0.029247	0
431	0.0292458	0
432	0.0292445	0
433	0.0292433	0
434	0.0292421	0
435	0.0292409	0
436	0.0292397	0
437	0.0292384	0
438	0.0292372	0
439	0.029236	0
440	0.0292348	0
441	0.0292335	0
442	0.0292323	0
443	0.0292311	0
444	0.0292298	0
445	0.0292286	0
446	0.0292274	0
447	0.0292261	0
448	0.0292249	0
449	0.0292237	0
450	0.0292224	0
451	0.0292212	0
452	0.0292199	0
453	0.0292187	0
454	0.0292174	0
455	0.0292162	0
456	0.0292149	0
457	0.0292137	0
458	0.0292124	0
459	0.0292112	0
460	0.0292099	0
461	0.0292086	0
462	0.0292074	0
463	0.0292061	0
464	0.0292048	0
465	0.0292036	0
466	0.0292023	0
467	0.029201	0
468	0.0291998	0
469	0.0291985	0
470	0.0291972	0
471	0.0291959	0
472	0.0291946	0
473	0.0291933	0
474	0.0291921	0
475	0.0291908	0
476	0.0291895	0
477	0.0291882	0
478	0.0291869	0
479	0.0291856	0
480	0.0291843	0
481	0.029183	0
482	0.0291817	0
483	0.0291803	0
484	0.029179	0
485	0.0291777	0
486	0.0291764	0
487	0.0291751	0
488	0.0291737	0
489	0.0291724	0
490	0.0291711	0
491	0.0291698	0
492	0.0291684	0
493	0.0291671	0
494	0.0291657	0
495	0.0291644	0
496	0.0291631	0
497	0.0291617	0
498	0.0291604	0
499	0.029159	0
500	0.0291576	0
501	0.0291563	0
502	0.0291549	0
503	0.0291535	0
504	0.0291522	0
505	0.0291508	0
506	0.0291494	0
507	0.029148	0
508	0.0291467	0
509	0.0291453	0
510	0.0291439	0
511	0.0291425	0
512	0.0291411	0
513	0.0291397	0
514	0.0291383	0
515	0.0291369	0
516	0.0291355	0
517	0.029134	0
518	0.0291326	0
519	0.0291312	0
520	0.0291298	0
521	0.0291283	0
522	0.0291269	0
523	0.0291255	0
524	0.029124	0
525	0.0291226	0
526	0.0291211	0
527	0.0291197	0
528	0.0291182	0
529	0.0291167	0
530	0.0291153	0
531	0.0291138	0
532	0.0291123	0
533	0.0291109	0
534	0.0291094	0
535	0.0291079	0
536	0.0291064	0
537	0.0291049	0
538	0.0291034	0
539	0.0291019	0
540	0.0291004	0
541	0.0290989	0
542	0.0290973	0
543	0.0290958	0
544	0.0290943	0
545	0.0290928	0
546	0.0290912	0
547	0.0290897	0
548	0.0290881	0
549	0.0290866	0
550	0.029085	0
551	0.0290835	0
552	0.0290819	0
553	0.0290803	0
554	0.0290788	0
555	0.0290772	0
556	0.0290756	0
557	0.029074	0
558	0.0290724	0
559	0.0290708	0
560	0.0290692	0
561	0.0290676	0
562	0.029066	0
563	0.0290643	0
564	0.0290627	0
565	0.0290611	0
566	0.0290594	0
567	0.0290578	0
568	0.0290561	0
569	0.0290545	0
570	0.0290528	0
571	0.0290512	0
572	0.0290495	0
573	0.0290478	0
574	0.0290461	0
575	0.0290444	0
576	0.0290427	0
577	0.029041	0
578	0.0290393	0
579	0.0290376	0
580	0.0290359	0
581	0.0290342	0
582	0.0290324	0
583	0.0290307	0
584	0.0290289	0
585	0.0290272	0
586	0.0290254	0
587	0.0290237	0
588	0.0290219	0
589	0.0290201	0
590	0.0290183	0
591	0.0290165	0
592	0.0290148	0
593	0.0290129	0
594	0.0290111	0
595	0.0290093	0
596	0.0290075	0
597	0.0290057	0
598	0.0290038	0
599	0.029002	0
600	0.0290001	0
601	0.0289983	0
602	0.0289964	0
603	0.0289946	0
604	0.0289927	0
605	0.0289908	0
606	0.0289889	0
607	0.028987	0
608	0.0289851	0
609	0.0289832	0
610	0.0289813	0
611	0.0289793	0
612	0.0289774	0
613	0.0289755	0
614	0.0289735	0
615	0.0289716	0
616	0.0289696	0
617	0.0289676	0
618	0.0289657	0
619	0.0289637	0
620	0.0289617	0
621	0.0289597	0
622	0.0289577	0
623	0.0289557	0
624	0.0289536	0
625	0.0289516	0
626	0.0289496	0
627	0.0289475	0
628	0.0289455	0
629	0.0289434	0
630	0.0289413	0
631	0.0289393	0
632	0.0289372	0
633	0.0289351	0
634	0.028933	0
635	0.0289309	0
636	0.0289288	0
637	0.0289266	0
638	0.0289245	0
639	0.0289224	0
640	0.0289202	0
641	0.0289181	0
642	0.0289159	0
643	0.0289137	0
644	0.0289115	0
645	0.0289093	0
646	0.0289071	0
647	0.0289049	0
648	0.0289027	0
649	0.0289005	0
650	0.0288983	0
651	0.028896	0
652	0.0288938	0
653	0.0288915	0
654	0.0288893	0
655	0.028887	0
656	0.0288847	0
657	0.0288824	0
658	0.0288801	0
659	0.0288778	0
660	0.0288755	0
661	0.0288732	0
662	0.0288708	0
663	0.0288685	0
664	0.0288661	0
665	0.0288638	0
666	0.0288614	0
667	0.028859	0
668	0.0288567	0
669	0.0288543	0
670	0.0288519	0
671	0.0288494	0
672	0.028847	0
673	0.0288446	0
674	0.0288422	0
675	0.0288397	0
676	0.0288373	0
677	0.0288348	0
678	0.0288323	0
679	0.0288298	0
680	0.0288274	0
681	0.0288249	0
682	0.0288223	0
683	0.0288198	0
684	0.0288173	0
685	0.0288148	0
686	0.0288122	0
687	0.0288097	0
688	0.0288071	0
689	0.0288046	0
690	0.028802	0
691	0.0287994	0
692	0.0287968	0
693	0.0287942	0
694	0.0287916	0
695	0.028789	0
696	0.0287863	0
697	0.0287837	0
698	0.028781	0
699	0.0287784	0
700	0.0287757	0
701	0.0287731	0
702	0.0287704	0
703	0.0287677	0
704	0.028765	0
705	0.0287623	0
706	0.0287596	0
707	0.0287568	0
708	0.0287541	0
709	0.0287514	0
710	0.0287486	0
711	0.0287459	0
712	0.0287431	0
713	0.0287403	0
714	0.0287375	0
715	0.0287347	0
716	0.0287319	0
717	0.0287291	0
718	0.0287263	0
719	0.0287235	0
720	0.0287207	0
721	0.0287178	0
722	0.028715	0
723	0.0287121	0
724	0.0287092	0
725	0.0287064	0
726	0.0287035	0
727	0.0287006	0
728	0.0286977	0
729	0.0286948	0
730	0.0286919	0
731	0.028689	0
732	0.028686	0
733	0.0286831	0
734	0.0286801	0
735	0.0286772	0
736	0.0286742	0
737	0.0286713	0
738	0.0286683	0
739	0.0286653	0
740	0.0286623	0
741	0.0286593	0
742	0.0286563	0
743	0.0286533	0
744	0.0286503	0
745	0.0286473	0
746	0.0286443	0
747	0.0286412	0
748	0.0286382	0
749	0.0286351	0
750	0.0286321	0
751	0.028629	0
752	0.0286259	0
753	0.0286228	0
754	0.0286198	0
755	0.0286167	0
756	0.0286136	0
757	0.0286105	0
758	0.0286074	0
759	0.0286042	0
760	0.0286011	0
761	0.028598	0
762	0.0285949	0
763	0.0285917	0
764	0.0285886	0
765	0.0285854	0
766	0.0285823	0
767	0.0285791	0
768	0.0285759	0
769	0.0285728	0
770	0.0285696	0
771	0.0285664	0
772	0.0285632	0
773	0.02856	0
774	0.0285568	0
775	0.0285536	0
776	0.0285504	0
777	0.0285472	0
778	0.028544	0
779	0.0285408	0
780	0.0285376	0
781	0.0285343	0
782	0.0285311	0
783	0.0285279	0
784	0.0285246	0
785	0.0285214	0
786	0.0285181	0
787	0.0285149	0
788	0.0285116	0
789	0.0285084	0
790	0.0285051	0
791	0.0285019	0
792	0.0284986	0
793	0.0284953	0
794	0.028492	0
795	0.0284888	0
796	0.0284855	0
797	0.0284822	0
798	0.0284789	0
799	0.0284756	0
800	0.0284724	0
801	0.0284691	0
802	0.0284658	0
803	0.0284625	0
804	0.0284592	0
805	0.0284559	0
806	0.0284526	0
807	0.0284493	0
808	0.028446	0
809	0.0284427	0
810	0.0284394	0
811	0.0284361	0
812	0.0284328	0
813	0.0284295	0
814	0.0284262	0
815	0.0284229	0
816	0.0284196	0
817	0.0284162	0
818	0.0284129	0
819	0.0284096	0
820	0.0284063	0
821	0.028403	0
822	0.0283997	0
823	0.0283964	0
824	0.0283931	0
825	0.0283898	0
826	0.0283865	0
827	0.0283832	0
828	0.0283799	0
829	0.0283766	0
830	0.0283733	0
831	0.02837	0
832	0.0283667	0
833	0.0283634	0
834	0.0283601	0
835	0.0283568	0
836	0.0283535	0
837	0.0283502	0
838	0.028347	0
839	0.0283437	0
840	0.0283404	0
841	0.0283371	0
842	0.0283338	0
843	0.0283306	0
844	0.0283273	0
845	0.028324	0
846	0.0283208	0
847	0.0283175	0
848	0.0283143	0
849	0.028311	0
850	0.0283078	0
851	0.0283045	0
852	0.0283013	0
853	0.028298	0
854	0.0282948	0
855	0.0282916	0
856	0.0282884	0
857	0.0282851	0
858	0.0282819	0
859	0.0282787	0
860	0.0282755	0
861	0.0282723	0
862	0.0282691	0
863	0.0282659	0
864	0.0282627	0
865	0.0282596	0
866	0.0282564	0
867	0.0282532	0
868	0.0282501	0
869	0.0282469	0
870	0.0282438	0
871	0.0282406	0
872	0.0282375	0
873	0.0282343	0
874	0.0282312	0
875	0.0282281	0
876	0.028225	0
877	0.0282219	0
878	0.0282188	0
879	0.0282157	0
880	0.0282126	0
881	0.0282095	0
882	0.0282064	0
883	0.0282034	0
884	0.0282003	0
885	0.0281973	0
886	0.0281942	0
887	0.0281912	0
888	0.0281882	0
889	0.0281852	0
890	0.0281821	0
891	0.0281791	0
892	0.0281761	0
893	0.0281732	0
894	0.0281702	0
895	0.0281672	0
896	0.0281642	0
897	0.0281613	0
898	0.0281583	0
899	0.0281554	0
900	0.0281525	0
901	0.0281496	0
902	0.0281466	0
903	0.0281437	0
904	0.0281408	0
905	0.028138	0
906	0.0281351	0
907	0.0281322	0
908	0.0281294	0
909	0.0281265	0
910	0.0281237	0
911	0.0281209	0
912	0.028118	0
913	0.0281152	0
914	0.0281124	0
915	0.0281096	0
916	0.0281068	0
917	0.0281041	0
918	0.0281013	0
919	0.0280986	0
920	0.0280958	0
921	0.0280931	0
922	0.0280904	0
923	0.0280877	0
924	0.028085	0
925	0.0280823	0
926	0.0280796	0
927	0.0280769	0
928	0.0280742	0
929	0.0280716	0
930	0.028069	0
931	0.0280663	0
932	0.0280637	0
933	0.0280611	0
934	0.0280585	0
935	0.0280559	0
936	0.0280533	0
937	0.0280508	0
938	0.0280482	0
939	0.0280457	0
940	0.0280431	0
941	0.0280406	0
942	0.0280381	0
943	0.0280356	0
944	0.0280331	0
945	0.0280306	0
946	0.0280281	0
947	0.0280257	0
948	0.0280232	0
949	0.0280208	0
950	0.0280184	0
951	0.0280159	0
952	0.0280135	0
953	0.0280111	0
954	0.0280088	0
955	0.0280064	0
956	0.028004	0
957	0.0280017	0
958	0.0279993	0
959	0.027997	0
960	0.0279947	0
961	0.0279924	0
962	0.0279901	0
963	0.0279878	0
964	0.0279855	0
965	0.0279833	0
966	0.027981	0
967	0.0279788	0
968	0.0279765	0
969	0.0279743	0
970	0.0279721	0
971	0.0279699	0
972	0.0279677	0
973	0.0279656	0
974	0.0279634	0
975	0.0279612	0
976	0.0279591	0
977	0.027957	0
978	0.0279548	0
979	0.0279527	0
980	0.0279506	0
981	0.0279485	0
982	0.0279465	0
983	0.0279444	0
984	0.0279423	0
985	0.0279403	0
986	0.0279383	0
987	0.0279362	0
988	0.0279342	0
989	0.0279322	0
990	0.0279302	0
991	0.0279283	0
992	0.0279263	0
993	0.0279243	0
994	0.0279224	0
995	0.0279204	0
996	0.0279185	0
997	0.0279166	0
998	0.0279147	0
999	0.0279128	0
1000	0.0279109	0
